-4.3193
0.692236
0.0822279
-1.67421
0.465732
-0.296296
0.957987
-1.61218
0.443089
-0.296522
-0.208329
0.224913
1.02013
-1.32875
-0.212139
1.34273
-0.635801
0.631312
0.33885
2.36716
-0.683838
0.590763
0.389424
0.336186
-0.604637
0.727352
-0.71348
-0.360424
-0.0338023
1.33589
1.30853
0.0408493
2.21565
-0.624516
1.62355
0.00177242
-0.591533
0.0746349
1.56305
0.711182
0.945575
-2.14773
1.11814
0.631749
3.2677
-0.728366
-0.382581
0.23041
-0.222196
-0.614879
0.0936439
-0.561547
-1.02061
0.850246
0.0864605
1.69922
0.137251
0.318242
-0.995414
0.567197
-1.33468
-2.74783
-1.92883
1.53736
-0.911956
1.21068
-1.035
-0.290244
-0.000649135
0.220314
0.227824
0.141205
2.12736
-1.07218
-0.667813
-0.0902846
-1.14536
-0.469798
-1.14207
0.309775
-0.681297
-0.281107
-1.90523
-0.185299
1.62096
-1.12079
-1.32749
-1.46792
-0.6649
0.782887
-0.386605
0.874014
0.389768
0.466559
-0.674095
-0.0720971
0.254366
0.692995
1.65826
-0.152667
0.492964
2.23058
1.04189
0.0939504
-1.26222
0.193501
-0.150871
1.12292
0.844197
0.648644
1.20569
-0.0920662
0.563411
0.433513
-0.843213
1.10714
0.110386
-0.124784
-0.787372
-0.479666
1.18254
-0.0814758
-0.344705
3.12688
0.333147
-3.24125
0.749931
-0.47
0.474685
-0.822972
0.550234
-1.31325
0.719244
-0.793126
-1.39797
1.66616
-0.279701
0.502008
0.761651
-0.195605
-0.863368
-0.871195
-0.69332
-1.09639
0.255963
0.947684
2.25512
-0.727045
-0.774185
0.512951
0.513625
0.43859
-1.58537
-0.748737
0.523924
0.714596
0.13555
-0.440835
-1.06674
-0.0367926
0.889995
0.640255
-1.10153
-0.493757
0.0453444
-0.646917
-0.271463
-0.060456
-0.584943
-0.332537
0.444845
0.0349404
0.585124
-0.0986771
-0.463341
0.0429902
-0.248606
2.2116
0.440185
0.104743
0.951161
-0.60013
0.115906
-0.623088
-0.684806
0.507288
0.904374
-0.991385
0.547046
0.208091
2.38814
-0.584293
-0.949517
-0.0108011
-0.981874
0.782338
-0.160038
0.214156
-1.49967
-0.280019
-0.290363
0.409881
0.0970617
0.899971
0.48483
-2.35156
0.0525633
-0.769881
-1.47108
0.594059
-1.63904
-0.107586
-0.134535
-0.565278
0.511894
0.470958
-1.57633
0.106465
1.06337
-0.311921
0.192113
0.465832
-1.80436
1.93257
-0.381763
0.273099
0.132896
-0.36669
1.94733
-0.66969
0.889184
-0.691626
0.509664
-0.632224
-1.1923
-1.20721
-2.5075
0.251689
-1.38841
-0.317822
-1.15699
-1.88618
-0.0144271
1.5065
-0.359374
-0.000111968
0.445175
0.695951
-0.736965
0.15757
0.296591
-0.756078
0.393464
0.656051
-1.66819
-1.15062
-0.0396641
1.36596
0.236675
-0.00856776
-0.146831
0.745265
-0.143898
-0.0809487
-0.135951
-0.822693
-0.325187
1.80999
-1.4733
0.0660672
0.0444
1.00096
-0.191951
0.563776
1.13534
0.980571
-0.281769
0.267876
0.0991859
-0.24897
-1.38461
-0.0692886
-1.25374
0.848854
0.436658
-0.69429
-0.632093
-1.39834
-0.729438
-0.0217014
-0.624593
-0.188631
1.79253
0.826909
-0.94961
-1.52361
-0.546189
0.937839
0.602091
0.84909
-1.69181
-1.02232
-1.5404
1.46949
-0.825433
0.523512
-0.0134587
0.557981
-0.839321
-0.160874
1.08567
-0.139521
0.0596222
0.684511
0.926439
-0.73202
-0.1748
2.23602
1.03871
-0.491306
2.81997
-0.0801104
0.498042
0.104301
-0.997685
0.92046
-1.73835
-1.22642
0.047075
0.154732
0.042395
0.63466
-1.99909
0.442651
-1.504
1.41263
-0.30518
-0.964839
0.499046
0.564213
0.227055
1.47354
0.0149642
1.39995
0.594277
-0.0230204
1.97942
-0.60301
0.520258
-1.29632
0.281242
-0.0122193
0.224686
-1.03123
0.616943
-1.62938
-0.465903
-0.689856
-0.297694
0.246025
1.51609
0.0329643
0.385665
-0.233883
-0.0506986
0.0858286
0.267709
0.534116
1.54028
-0.218566
0.782373
0.471873
0.0687684
-1.06391
-0.670021
-2.5888
-0.596702
-0.586027
0.0170959
-0.210919
-0.159871
0.726307
-0.147762
-0.532863
-0.416534
-1.59277
-0.0368908
-1.20307
1.10127
-0.338761
-0.985441
-1.57418
-0.0800433
1.19371
-0.221766
-0.500597
0.894289
1.40166
0.739
0.182595
0.853352
1.08763
1.124
-0.281478
0.0643902
-0.201796
0.671802
-0.417696
0.653013
1.17081
0.553717
-0.360118
-0.990237
-1.30217
0.157594
1.166
0.345672
1.16709
-1.21036
-0.298608
-1.16633
-1.0656
0.549264
-0.276801
0.328589
1.33273
1.07679
-0.179243
-0.00343268
-0.123805
0.645686
-0.52405
-1.22643
1.9185
-0.711425
0.967985
-1.12885
-0.414868
-0.15029
-0.169054
-0.299401
-0.177717
0.440456
0.518847
1.03334
0.818213
-2.34132
0.355942
0.371582
-0.312411
-0.280621
0.506048
-0.548934
1.05534
-1.06189
-2.53713
-0.30035
-0.400333
-0.550466
-1.15331
-1.65762
-0.313852
0.693033
-2.27242
0.153288
-0.213265
0.0365806
1.00289
-0.0878271
-1.64444
-0.832904
0.960205
0.992604
-0.910817
1.50712
-0.334396
0.326112
-0.238398
-0.138684
0.669184
-1.12157
0.426994
0.205182
2.09766
1.41505
1.84834
-0.586423
0.228725
0.972872
0.614169
-0.386592
0.423809
1.12256
1.39153
1.6621
-0.212118
1.7809
0.065675
0.908176
0.420372
1.56688
-1.14534
1.2093
-0.982373
0.259577
0.989042
-0.275267
0.432602
-3.94305
0.328553
0.18745
-0.381564
-0.329637
0.192769
0.657183
-0.144321
-1.32975
2.42851
-1.83838
-0.0320607
1.25756
0.49187
-0.0458366
1.61755
1.67734
-1.14027
1.06763
-2.45686
-1.64105
0.362134
-1.09347
0.933142
0.401266
0.0663599
1.29917
-0.590028
-0.275429
-0.696681
0.607699
-0.837283
-2.0036
-0.885369
0.77104
0.429895
-0.382157
-0.547287
-0.759768
-0.241032
0.200262
-0.15797
0.971229
1.03244
-0.629039
0.0841516
3.01989
-1.16396
-0.188845
-0.794103
-1.83738
-1.24785
-0.0450124
-0.650996
-0.575536
-0.81295
0.719435
0.191295
1.32762
-1.20497
0.519123
0.668112
1.25337
-0.396439
-0.789023
-2.10181
0.790801
0.612763
1.16404
-0.403134
-0.352607
-1.40068
0.760069
-0.0168065
0.365777
-0.379079
-0.578259
0.32168
-1.00462
-0.66835
1.05638
0.275267
-0.322171
-0.637613
-0.8316
-1.46875
1.78963
-0.85052
-1.3962
-1.0255
0.874672
-1.68993
0.953068
0.8458
-0.255381
0.399415
2.20759
-0.218347
-1.23697
1.11288
0.971575
0.573771
-0.763643
-2.95298
-0.228148
-2.00537
-0.314682
0.819931
-0.434938
0.395798
-0.646061
2.22746
0.364681
-0.313545
-0.127918
0.216754
-0.0411171
-1.39442
-1.27695
1.00134
0.946005
0.890048
0.993619
0.364065
0.899322
-0.864584
1.48066
-0.309569
-0.746256
2.19303
-0.104261
-0.585769
0.643135
-0.513124
0.889711
0.576203
0.789442
0.194376
0.836616
0.326018
-0.0706039
0.074314
1.07104
-0.255567
1.02127
-0.1083
-0.546111
5.31267
0.648337
0.829484
0.255248
-0.669172
0.190711
0.667272
2.31287
0.137741
-1.24259
-0.686178
-0.427891
-1.48052
1.1565
-1.05637
0.41763
0.214772
-0.0147485
1.43833
-0.654535
0.307357
-1.97442
0.281204
0.172398
-0.321349
-0.315274
0.20987
-1.22225
0.482191
1.13528
1.95212
-0.0618423
2.41716
0.520678
-0.0627465
-0.138033
-0.15221
2.76763
-1.15383
-0.876946
0.402311
-0.10644
-1.08399
1.92625
1.04595
1.44395
-0.0836494
-0.0998026
1.10832
-0.292988
0.893572
0.587557
-0.484582
0.490308
-0.971039
-0.929534
-0.848598
0.452241
-0.458198
-0.465395
1.12846
-1.04602
1.57163
0.414995
-0.952796
-0.972448
-0.355273
1.79709
-1.97984
1.20642
1.36088
-0.944034
0.894298
0.209737
-0.0708639
-0.433537
0.0325008
0.946938
-2.59151
-0.114134
1.00908
0.624684
-0.194324
-0.238171
0.064114
-0.243813
-0.62865
-0.896593
0.307248
-0.447344
-0.898892
0.083267
1.44499
-1.86362
0.163814
-1.07916
-0.498351
-0.982739
-0.306578
0.259333
-0.425865
0.110589
-0.559614
-0.152692
-0.452155
1.92198
-0.472243
-0.387295
2.18319
-1.72922
0.790154
-1.27327
-0.157283
-0.575154
1.18657
0.441206
0.699349
1.05104
-0.7259
-0.639397
-0.525831
2.40144
-0.179915
-0.0908624
-0.908222
0.00841632
1.27044
0.32958
0.11064
-1.5999
1.96502
1.12581
0.0462319
1.87592
-0.74356
1.26188
-1.37367
0.742441
-1.62637
-1.46371
-0.613063
0.488262
1.59503
1.35175
0.897717
-0.0454426
0.533578
-0.960364
-0.806199
-0.324507
0.865806
0.409496
0.0555022
0.271171
-2.01857
-0.312539
1.8764
0.817876
-0.117509
-0.692774
-0.793239
-0.235142
-0.403885
0.491323
0.766067
-2.02069
-1.60951
-0.979969
-2.27083
1.41501
0.113077
0.142145
-0.0465654
-0.230961
1.56389
0.226609
-0.574655
0.661313
0.136555
-1.18929
-0.373723
-0.625767
-0.216115
0.0744268
-0.0754061
-1.28809
-1.11318
-0.155304
2.50088
-0.385483
0.847455
-0.5209
0.130517
0.0164063
0.611729
-0.782152
-0.291802
-0.629949
1.06474
1.24463
1.80161
-0.57076
0.57957
-0.0338838
1.0735
-2.04549
1.74509
2.86001
0.22153
-0.232112
0.114137
0.188351
0.471437
0.160768
-0.545013
2.01379
0.211381
0.0541026
0.869597
0.239818
-0.840185
-0.580503
0.817067
0.80365
-0.994427
0.710941
-0.274648
-0.432485
0.772902
1.68862
0.76223
1.0025
0.733568
0.215362
0.847347
0.498041
0.127983
0.219799
1.27384
-0.643594
-3.94952
-1.32951
0.465023
0.65966
2.09667
0.78158
-1.36065
1.45215
0.776782
-0.563371
-0.536353
1.34059
1.23608
0.68208
-0.0800293
-0.810757
1.26895
1.73586
1.39463
-0.63446
0.743633
0.757804
-0.20529
0.377492
0.95216
0.772941
-1.175
2.40227
-0.189291
0.34125
-0.175475
0.836484
-0.68462
-1.73237
-1.31652
-1.71154
0.931614
0.0300193
2.92893
-0.800873
-1.23237
-1.29956
-0.286911
1.27704
0.904238
0.905655
-0.104153
0.23451
0.433072
0.640564
0.319856
1.25961
-0.44453
-0.121975
-0.646958
0.535505
0.498592
1.17322
-0.783254
0.791324
0.569408
-0.858787
-2.04438
0.708965
-0.201387
0.458911
-1.6401
0.341647
-1.22908
-2.10796
0.0958363
0.359406
-1.91415
-0.440189
-0.316613
0.735068
0.715082
-0.897996
0.988231
-0.336227
0.795067
0.897588
1.26963
-0.22031
0.136896
-0.382707
1.91088
-1.07652
0.847207
-0.250719
0.259487
0.690726
2.02569
0.612463
1.1694
0.460953
-0.559675
-2.01088
1.59457
0.171562
-1.87525
0.362864
-1.48885
0.187349
-0.806305
0.696526
-0.596718
-0.32073
-0.373378
0.31148
-0.394541
0.0401397
0.514124
0.869331
0.631464
-0.445885
-0.149351
1.49926
0.168894
2.25035
-1.22031
-0.139605
0.113004
-1.04292
0.063853
0.221871
1.33433
0.0199728
-0.0923511
