-0.335044
0.323825
-0.883756
-0.48033
0.958197
0.560285
-1.16709
-0.82741
-1.71717
0.0135131
0.0250826
0.124425
2.5226
0.499076
-1.72948
0.122555
-1.1704
0.569462
-1.42538
1.44572
0.491616
-1.10769
1.24719
0.0549333
-0.110722
0.231437
0.896326
1.50322
-0.249637
-0.35282
-0.551313
-1.10249
1.38805
-0.228824
-0.904362
-0.0839414
-0.479993
0.90035
-1.30789
-1.44452
-2.03436
-0.730287
0.0906329
-0.747342
0.356125
0.798638
0.676352
-0.526106
-0.618711
-1.0118
-1.03743
0.876786
-0.68515
0.991339
0.914091
0.613619
-0.240968
-1.82214
0.661131
-0.073091
0.172649
-1.5329
-0.55693
0.561339
-1.24448
-0.181745
-1.33218
0.271719
-1.74869
-1.09015
1.16894
-0.204288
0.937595
-0.116514
-1.92866
-0.28604
-1.39523
-0.020183
-0.297096
-0.766744
0.484223
-1.042
-0.624359
-0.0740419
-1.24851
1.21518
0.378719
0.782843
1.59527
-0.186775
0.161125
1.4865
0.911569
1.43325
-0.717023
-2.61655
0.603102
2.00168
0.120656
-1.52111
1.50233
1.91453
-1.12552
1.47147
-1.28551
0.279236
-0.984448
-1.09703
-0.290918
-0.810415
-0.316682
0.0765978
-0.266486
-1.07579
0.799569
0.691212
-0.451086
-0.610221
-0.989048
-1.05736
-0.812279
-0.687387
-0.271932
0.650262
-0.44072
0.080843
-0.0475493
0.548928
-0.00359581
0.226625
0.920025
-2.13588
0.782596
1.14113
-0.431454
-1.11621
0.507938
-0.4266
1.91103
-0.963608
-1.45776
0.924875
-0.429327
-0.877359
-0.15931
1.16996
-0.417954
-0.766012
0.379927
1.13029
-0.679426
0.895582
0.0588194
0.0414113
0.500439
0.0839261
-1.31914
-1.92775
-0.0291878
-0.115008
1.07625
-0.517532
0.518331
0.594992
1.53066
0.893775
-1.24912
0.326894
-0.765899
0.384503
-0.242797
-0.724805
0.314265
0.303103
1.08083
-0.298181
1.13479
-0.428052
0.116912
-0.151176
0.351485
-0.585274
0.0225635
0.611046
0.794272
0.448138
-0.455543
-1.09326
0.16399
0.135176
-2.92793
0.341566
0.835637
0.102862
2.25544
0.807398
-0.472879
0.292329
-0.0251382
-0.649592
-1.05258
0.847687
-0.251533
-1.77408
1.13084
0.215238
0.384242
-0.698901
-0.13745
0.984359
-0.0897646
-0.786674
-2.12946
0.370271
2.12073
0.570064
1.05915
-1.49813
0.38713
-0.644687
1.09682
1.18894
0.319037
1.9317
-0.752234
0.319367
0.919956
-1.07641
-1.44642
-1.15668
-1.0861
-0.914213
0.106806
-1.40387
-2.1744
1.37508
0.167623
-0.534466
-0.719428
-0.414511
0.363347
-0.275629
0.245641
-0.225492
1.06257
-0.399229
-1.03832
0.480834
-0.932983
-2.13396
-0.206202
-1.8557
-1.92793
-1.36357
-0.752828
0.468332
-1.5713
0.0732646
0.256627
0.587951
0.492451
0.290451
-0.398187
-0.238769
0.646418
0.68389
0.271534
-0.628818
-0.429904
4.0633
-0.0311113
0.734859
1.46839
0.123492
1.00649
0.487293
-0.480968
-0.996256
1.1763
0.158319
-0.266303
1.3713
-0.971179
0.804251
0.258815
0.519176
0.2546
0.65663
1.03962
0.639294
0.13618
0.679872
0.0175747
-0.296085
0.412917
-1.06804
-0.533101
0.171048
0.0490779
-0.80714
2.10648
1.77774
0.59995
-1.36318
0.866508
1.19401
0.386291
1.43221
1.13697
1.39126
-1.15369
0.149407
-1.74157
0.763282
-0.903727
-1.99154
0.0807238
-0.569886
-0.237888
0.156385
-0.244845
-2.13554
0.882437
1.01798
0.744239
-0.149609
1.11389
-1.29702
0.391495
1.27941
-0.60784
1.11194
-0.790817
0.154319
-0.062771
2.63182
-0.288402
-0.627151
-0.765419
0.256538
-1.13405
-0.495734
-0.536284
0.943204
-0.65039
0.102289
-0.126221
-0.4788
0.637792
-1.99378
-0.387918
-1.4154
-0.932887
-1.82178
0.51466
0.248846
0.391208
0.0590916
0.0427649
-0.0370894
0.382723
0.61318
-0.343124
0.907345
1.52431
0.44407
-0.0205049
0.227782
0.330863
-0.636521
1.06061
0.0497582
-2.01443
-0.772111
-0.203522
-1.02896
-0.297739
-2.34128
-0.346562
2.19182
0.16095
-0.34664
2.27492
-1.46151
-3.48464
-0.919971
1.03501
-0.465567
0.313523
0.817413
-1.30202
0.721732
2.04044
-0.381103
1.60169
-0.534918
0.143877
0.830671
-0.623306
-0.251051
1.04759
-1.09285
0.984076
0.0423979
-0.184593
0.668663
1.42237
0.110409
-1.45756
-0.278536
0.381127
-1.00397
-0.194973
-1.38669
1.4194
-1.09201
0.302909
0.108266
-1.12754
0.345556
1.0551
-1.94979
-0.791526
-0.61833
2.83005
0.83012
-0.121755
1.21133
0.243288
0.491554
-0.100981
0.920537
-0.99478
-0.144838
0.903684
-0.722573
0.197297
0.97556
-1.39802
-0.800166
0.320372
0.45362
0.021777
0.0234275
-0.138912
-0.25032
0.824277
-0.59279
-0.677454
-0.568908
-1.13126
-0.497748
-1.70981
1.76049
0.211128
0.533653
-0.331552
-2.08078
-2.05514
-0.982103
0.435079
0.834695
-0.845422
1.00332
-0.400105
0.433463
-1.21002
0.116354
0.696918
0.856433
-1.27564
-0.392563
0.407425
0.864714
-1.8614
-0.745441
-0.985299
-0.763904
-0.984826
-0.260752
0.283621
-1.51982
0.240599
-0.407427
1.31719
-0.605816
0.937778
0.838486
0.50415
0.00100682
0.703539
0.417008
-1.18152
-2.01398
-0.0378815
0.105853
-0.0573781
-0.211815
0.8026
-0.135735
0.971116
-1.59754
-0.177327
-0.396508
0.687741
1.45335
1.38497
0.00172569
-0.073217
-1.13093
0.895039
0.137398
0.408232
1.53987
0.171545
-0.133084
0.392968
-0.316425
1.90414
-1.17353
0.982108
-0.803463
0.986146
-1.4033
1.56598
0.931149
1.47834
0.862582
0.641975
-2.31631
-1.16212
-1.46965
-0.638578
-0.0958044
0.248653
0.379212
1.30906
-0.137386
-0.294478
-0.901184
-2.0062
-0.949433
0.538781
-0.390518
1.21274
0.463081
0.397208
-1.30361
1.98622
-0.303262
-1.24606
0.340794
-0.469242
-1.07981
0.629751
2.1015
-0.633632
0.288156
-1.83001
-1.56355
1.19398
1.00025
0.103792
1.07487
1.115
0.412007
-1.82495
-0.806855
-0.0624381
-0.431628
-1.05819
-0.668916
-0.124561
-0.258347
-0.526103
-1.53003
0.117969
-0.677035
-1.14011
0.279592
0.0427849
-0.0699904
-1.07921
-0.312556
0.21216
1.25982
-0.506223
-0.207745
0.0477514
1.9029
0.0960485
1.44442
0.367375
-0.593028
0.526563
0.776796
1.78356
-0.0622019
-2.49899
1.33615
-0.989474
0.259444
0.291308
-0.877141
0.796948
-0.502457
-0.739996
0.6621
-0.979121
-1.37111
-0.606026
1.08806
1.87515
-1.20381
0.608763
-0.753819
1.10983
-0.840162
-1.48852
-0.435656
-1.11844
1.68697
-0.243758
-1.09428
-1.82473
-0.721402
-1.10984
0.498552
-0.174169
-1.65476
1.12791
1.25254
0.548708
-0.165659
-0.6899
0.264985
-0.219192
-1.70114
-1.56257
-0.494862
0.362159
-0.419726
0.552408
0.925151
0.713321
-2.60656
1.68749
1.09824
0.60965
-0.5455
1.96886
-0.105376
1.46256
-1.14889
-0.95388
-1.84498
-0.0402909
0.284147
-0.978748
2.14366
0.712255
-0.454657
-0.186772
0.0620089
-0.510101
-0.0370263
0.790305
1.10339
1.75642
0.43162
0.983734
-0.38918
0.690208
-0.372109
0.882413
0.0254126
-0.370568
0.706167
-1.25018
-0.0896596
1.42491
-1.03961
-1.09578
-1.48038
-0.269019
-1.78521
-1.1663
0.411708
0.357185
-1.23242
-0.744701
-0.891167
0.0677082
-1.88796
-0.164442
-2.70621
0.278815
1.11301
-1.38437
-1.02197
-1.20242
1.08675
-2.16698
1.34353
0.0695946
-0.684249
0.477846
0.189179
-0.35828
0.860533
0.330388
0.783914
2.30701
-0.512415
-0.323016
0.124683
-1.90263
-1.31755
1.49272
-0.935231
-0.837032
-2.10696
-0.60851
2.25257
1.56791
0.615699
0.638364
1.02302
-0.214664
-1.98964
0.555254
0.2591
0.196274
0.828993
-1.92496
-1.29043
-0.837042
-0.501876
-0.790825
-0.633237
0.126632
-0.762697
-0.770267
0.449969
1.09541
-1.03376
-0.993994
-0.189541
0.944527
0.18179
-1.48094
0.609972
-0.287494
0.0315132
0.458166
0.147214
0.0466703
-1.56778
1.77717
-0.447258
0.669599
-1.6937
-0.34024
0.315902
0.236845
0.838398
0.438503
0.541538
-1.31769
-0.458159
0.617794
0.0562188
-0.832698
1.67949
0.751509
2.4453
-0.307866
0.938753
-0.645442
0.540396
-0.114458
-1.32151
1.35608
0.484468
-0.867181
0.396974
0.262279
0.212305
-0.125411
-0.971827
-1.14169
0.486837
-0.14698
-0.378236
1.69993
-0.26294
-0.244874
0.931337
1.41482
-0.21121
0.79121
0.47948
0.529319
0.615792
2.38194
0.617633
0.898446
1.23068
0.778689
0.400536
-0.609381
-1.89883
0.534831
-1.11311
-2.24414
-0.321628
2.93927
-0.302772
1.21049
-0.636649
1.30119
0.0687624
-0.678055
1.18821
-0.688234
-0.0222635
-0.526253
1.37588
-0.810975
-0.735232
-0.169739
-0.673858
0.762078
0.879566
-0.211765
0.747553
-0.173216
0.288636
0.257902
1.17451
-0.982564
0.691999
-0.191553
-0.280284
0.416005
0.905412
0.542652
1.6338
0.607587
-0.217715
1.56603
0.650231
-0.844677
0.843619
0.998941
0.0904775
1.70786
1.43609
-1.17354
-0.322805
-0.890387
-0.537445
1.15339
0.217124
-1.66872
1.33463
0.0217309
-0.987995
-1.89624
0.150716
1.56666
1.45671
-0.813352
-0.617497
-1.76092
0.340182
-0.257151
-0.0692105
0.336535
-0.196288
-0.0984779
-1.00874
0.785232
0.199621
0.154374
-0.958049
0.0717681
0.148997
1.26144
0.372455
0.486182
-0.508975
1.67464
-0.41336
0.794693
-0.736556
0.111312
-0.292698
-0.190327
-1.22729
-0.0394494
0.806367
0.455431
-0.53814
-0.755903
-0.0169138
-1.11362
-1.43749
0.79034
-1.00862
0.598099
-1.40825
0.976607
-0.61389
1.12116
-1.7596
-0.381106
0.917233
0.74722
-0.706522
-1.06574
-1.74955
-3.3925
-0.360534
-1.96879
0.411655
0.576984
0.0548499
-0.278803
2.50512
-1.10705
0.399902
2.37402
-0.469978
1.31997
-1.37606
-1.28904
-1.37253
-0.114112
0.136209
0.798304
-0.251746
1.59336
-0.524497
0.689205
-1.26827
-0.54652
-0.538542
0.0547277
0.63028
-0.35865
-0.326429
0.926225
-1.20736
0.0761952
0.208345
1.98762
0.681394
0.732991
-0.753541
0.911379
-1.10449
-0.98659
0.985265
0.425706
1.33653
-1.48237
-1.43581
0.2561
-0.614443
0.40111
0.778807
-1.37755
-1.19124
-0.0169161
0.90192
2.00875
1.25762
0.950942
0.242528
0.345602
-1.19312
-0.51009
-0.226485
-1.43487
0.0335325
0.790038
-1.1041
0.566754
-1.26584
2.03491
-1.27173
1.61772
-0.399647
1.75589
1.73931
0.0536086
-0.893383
-1.39394
-0.763421
0.283832
-0.970525
0.465794
0.376255
-0.953114
-0.68712
1.37777
-0.361588
1.54089
0.689077
-0.433166
0.179566
-0.0709072
-0.020614
-1.35251
0.0109841
2.23832
-2.66842
0.642446
0.294877
-0.271699
0.409472
-1.5321
-0.326388
0.791022
0.15467
-0.103038
-1.78853
0.963886
1.31939
0.0756922
0.766699
0.109376
0.0336958
-0.21658
1.2799
-1.26642
-1.78586
-1.85188
-0.221858
-0.00938912
0.501651
-0.186496
-1.10367
-1.97202
-0.779006
1.98563
-1.85475
-0.0279929
-0.00753571
-0.88127
-0.165428
0.0598024
0.8875
2.04379
-1.37368
-0.325604
0.611834
1.0095
1.13438
1.16309
-1.50427
-0.0236331
0.788135
-1.91332
-1.21662
-1.01638
-0.285874
-1.35528
-2.23969
-0.540542
-0.331795
-1.19366
0.0949255
0.444339
1.72624
-0.364586
1.34994
0.461262
-0.970847
-0.765592
-1.53166
-0.0615581
-0.0977656
-0.898973
0.437003
0.348615
0.971362
-1.51361
0.350201
2.09133
2.07895
-0.992173
-0.972584
0.36771
-0.325053
0.186944
2.3875
-0.797751
0.392556
-1.87806
0.838716
0.341203
1.02871
0.696476
1.47379
1.05856
1.15766
0.168696
0.903491
0.0448133
-1.14628
1.08961
1.21846
0.00247257
-0.138826
-0.701004
-0.804102
-0.933357
0.855677
-0.86229
-0.605738
-0.893662
1.25628
1.13385
1.67981
-1.41699
-0.0517406
0.698167
0.608775
-0.473024
-0.124348
-1.10742
-0.357529
-0.466923
0.996236
-0.28982
0.695408
3.06839
-0.623428
-1.00106
0.781644
-0.803334
0.77416
0.211787
0.115352
-1.22481
-0.551398
2.00756
0.159429
-1.15906
-1.47292
-0.272959
1.02791
0.757524
-0.180331
0.361321
0.412406
-0.135817
-0.825306
0.271562
0.190582
-0.170084
-0.283329
1.12108
0.536405
-0.748983
0.915859
3.18147
1.92027
0.318341
-1.1345
0.622549
0.245096
1.25635
0.381642
1.21321
1.88351
0.000523753
-0.171633
0.0627797
0.870035
-1.55337
0.268385
0.454075
-0.226203
-0.432683
0.103992
-0.719125
-0.71567
0.393174
0.203658
-0.45694
1.19769
2.55551
-0.501442
0.220434
-0.67231
-0.799186
-0.941055
-1.08222
-0.396557
-0.109065
-0.598814
-0.314935
0.672818
-1.31538
-1.12427
0.305741
0.386516
0.938308
2.67951
-1.19006
0.456498
-0.267827
-0.339887
-0.456629
-0.640925
0.522584
1.71384
0.449824
1.38832
-0.947059
-0.440973
0.543464
-0.187169
1.89381
0.6525
1.43808
1.31931
1.88412
2.2738
0.178089
0.792887
1.4419
-2.35028
-1.07862
1.00106
2.1482
2.10796
-1.09139
0.0138711
-0.469239
-0.36707
-1.13498
-0.339039
-1.31018
0.475855
-0.234297
0.289554
-0.193304
-0.457335
-1.31916
0.849839
-0.233569
1.64149
1.77214
1.07959
-0.353621
0.0994979
-0.00535698
-1.37234
0.0198852
0.950251
-2.5349
0.712458
-1.41383
-0.0644674
0.420599
-0.00038078
-1.02184
1.40704
-1.25112
-0.582618
-1.3754
-0.735235
0.398932
-1.99587
-0.244002
0.535968
-0.473644
-2.01641
0.276151
-0.494193
-0.0696814
-1.18952
-2.24749
-0.540637
-0.556375
-1.15989
-0.192219
0.39728
0.78837
1.38559
2.03064
0.435061
1.4641
0.011268
0.7585
0.313354
-1.45005
0.152885
-1.24941
1.97226
-0.472061
0.0233794
-0.237645
-0.70546
0.922197
0.750242
-2.26095
0.500357
0.163164
0.0328868
1.79186
0.712263
-0.922822
-0.297736
0.146079
1.4155
0.565925
-1.53016
0.246518
0.441937
0.834018
0.772148
0.0678826
0.181112
-0.847219
0.774768
0.0474999
0.95303
1.77339
0.638299
-1.35122
0.219573
-2.03199
-0.28544
-0.0775552
-2.32448
1.45104
0.330691
-0.577263
-1.23156
0.879953
-1.95902
-0.867093
0.27372
-1.29389
-2.42116
-0.148649
1.31435
0.086409
0.17352
-0.981043
1.902
1.2291
-0.421305
0.361116
0.843302
1.0951
1.10023
-1.1103
-0.401108
0.986882
-1.32881
-0.185481
-0.59097
-0.404556
0.875126
-0.0314811
-1.09449
0.112832
1.42352
0.0410773
-1.30289
-0.595007
-1.27293
2.14603
-0.716061
-0.565148
-0.643726
0.114983
0.667667
0.975676
3.21316
-0.337362
0.016914
-0.382024
0.631197
-0.252608
-0.802588
-2.00035
0.817802
-3.10747
0.759459
1.2654
0.654221
-0.920586
0.913932
1.41732
0.887405
-0.146928
-1.10503
-1.369
0.156377
0.887647
-1.11145
-0.933797
-0.79115
0.54394
-0.699304
1.5369
1.51372
-0.59112
0.223926
-0.0508722
1.13452
-0.956515
1.64018
-0.197576
1.11108
0.229762
1.85283
-0.419113
0.895004
-1.89972
-0.765443
1.34379
0.17054
0.0913308
0.526276
-1.69207
0.148317
1.54659
-0.706373
-0.383769
-0.989258
1.68484
1.06917
-0.361494
-2.08113
0.812082
-1.02388
0.633309
0.311857
0.0778511
-0.224614
-0.823251
-0.851028
0.273901
0.694639
-0.352071
0.912725
-0.278045
0.56801
1.87137
-0.219295
0.0640427
-1.04028
1.28974
-1.44972
-0.899207
0.122331
-0.766283
1.03072
0.0394489
0.366108
1.02294
1.24885
0.186069
0.170024
0.70859
-1.57224
0.0480568
-0.100982
-1.66099
1.12879
-1.51668
0.646385
0.224324
0.192463
0.502058
-1.8956
1.07128
1.03421
1.47364
1.41347
0.687138
0.713215
0.341338
0.826569
-2.41719
0.0849055
-0.323731
-0.0636433
-0.399435
-0.383351
0.417133
-0.95167
1.40986
-0.954224
0.671065
-1.49617
-2.20461
-2.06421
0.269359
1.65212
0.0343243
1.38571
-0.0753094
-0.746804
0.417148
-0.593993
-1.20492
0.0410036
-1.40303
-0.0409038
-1.44875
-1.45909
1.22663
0.462342
-0.0434332
0.656081
0.346752
1.99599
-1.59038
-0.688786
0.965644
-0.460872
0.397212
0.655033
1.61371
-0.936385
0.70605
-0.368846
0.539756
-0.692992
-0.536993
1.42093
0.260056
0.000136417
-0.693401
2.17348
-0.858896
-1.75819
0.604036
1.44974
-1.09448
-0.383277
-0.818123
-0.0462607
-1.11735
-0.76793
0.302983
-0.442623
0.505558
-0.306764
0.782616
0.98884
1.09645
-0.694017
-0.0505502
-0.207353
0.93142
0.0248122
-0.962739
-0.120448
0.107753
-0.801085
0.0252738
1.80188
-0.704576
0.0432357
0.595318
-0.434219
0.63612
0.555599
1.59213
0.761946
0.0998059
1.21509
0.0347694
0.0521951
2.12359
2.89162
-0.0938154
0.604436
-0.86299
0.615839
-2.15833
2.30894
-0.676224
0.0604892
-2.18179
-0.717566
0.670793
0.626798
0.227269
-0.180454
-0.524337
0.486821
-1.1917
1.09473
-0.812444
-0.0230574
-1.01401
1.6384
0.0672838
-0.152974
-0.520949
0.472143
-1.72489
-0.242151
-0.556288
-0.276271
0.409405
0.207503
-0.825791
0.433707
0.226552
-1.87713
-0.0276614
-0.821696
-0.653471
-0.841989
-1.38917
0.622542
1.23923
1.15745
-1.00918
-0.500469
0.542238
1.97833
1.64321
-2.05438
-1.12636
-0.488775
-1.15949
0.320849
-1.60427
-0.514385
1.01492
-0.688543
-0.418544
-0.920176
-0.0512626
0.241975
0.8924
1.36355
0.193772
0.967064
-0.209114
-0.414101
0.614067
-1.52999
0.735178
0.272002
0.867829
-0.378838
1.19674
0.537271
0.231419
-1.60509
-0.753376
-1.76296
0.551077
0.171249
-1.72639
-0.485877
-0.84398
0.510639
-0.137678
1.67564
1.04103
0.434643
-0.297011
-1.84881
-0.620063
0.172228
0.45125
-0.11694
-0.771522
0.41428
-0.180684
-1.78727
-0.105723
0.104146
1.11696
0.385144
-1.54127
1.04391
1.37969
-0.0121809
-0.422988
0.164997
-0.00802409
0.971602
1.24119
-1.87621
-0.417967
-1.8875
0.397191
0.245828
-1.43313
-0.0775953
1.39919
0.224308
-0.668904
-0.907157
-1.53845
-0.571619
1.01745
1.23317
-0.46656
-1.14347
0.724159
0.547076
1.23195
0.202173
1.0414
0.620728
-0.00512373
0.678866
0.588256
-0.752037
2.03531
1.79035
-0.176662
1.41643
-1.64843
0.166636
-0.290556
-0.630006
-0.990841
1.05566
-0.116469
0.224515
0.701502
0.767661
-1.19405
2.43141
-0.440052
-1.74072
1.57342
0.492888
-0.406028
0.0976331
1.70584
0.0921744
-0.42019
1.94884
0.064208
0.247465
-1.4562
-1.32253
0.164115
-0.793512
1.92932
1.10201
0.697342
0.353621
-1.45864
0.197961
-1.02397
-0.866292
-0.247592
0.818346
0.183521
-0.656549
-0.458948
0.225428
1.34784
-1.09087
-0.263437
0.336948
-0.380412
2.24122
-1.54086
0.663667
-1.23649
-0.809841
0.165793
-1.04692
-0.543933
-0.436269
-1.73111
2.25724
0.851848
-0.611547
0.346872
-0.840097
-0.282881
-0.205788
0.0312861
-1.62183
-1.57628
-1.99647
-0.175518
0.338497
0.622504
1.29705
0.823647
-0.740902
-0.360698
1.36605
-1.48399
0.298264
0.533937
-2.14475
-0.0675173
-1.82477
1.55142
0.314005
0.2436
0.377754
-0.0801028
-3.45266
0.931211
-0.240909
0.0560787
-1.11303
-1.78121
0.293342
-1.56236
-1.83687
-0.247467
0.0200974
1.62815
0.339586
-0.498212
-0.560184
1.10093
0.312204
0.936813
0.137882
0.0230896
-0.743069
-0.971674
-1.17365
-0.226573
-2.28467
-1.77386
-0.408117
-1.12869
0.0447474
-0.911668
-0.821954
0.0703357
-1.69396
1.3425
0.947474
-0.89773
-0.329818
-0.984965
-0.918745
-0.196865
-0.750241
-0.548533
-0.44204
-0.322666
1.01735
-0.85183
-0.937937
0.395641
-0.797691
0.367522
1.31958
-2.30842
-1.04778
-0.445269
-0.718037
-0.103491
0.0136567
-1.17725
-0.916476
0.244255
0.550107
-0.353637
1.47378
-1.48165
0.872383
1.45746
0.389565
-2.68576
0.192992
1.22489
0.159259
-0.755445
-1.57682
-1.5865
0.849837
0.468886
-0.323294
0.358291
-1.43763
1.05943
0.799588
0.560146
0.767996
-0.789877
-2.01311
1.01464
-0.980875
-0.611958
-0.212721
0.163029
0.426982
-0.83161
0.0578521
0.172592
-1.70127
0.839846
-1.59377
1.4868
-0.85049
0.108389
1.0625
-0.090427
-0.424275
-0.156102
-1.25845
0.189692
-0.960281
-0.847398
0.379686
0.478477
-0.308703
0.291622
-0.204121
-0.281087
0.694224
-1.50092
0.180089
0.595905
1.43109
-1.19388
-0.134563
0.433332
1.51976
-1.28679
0.925871
0.0315432
1.3586
-1.12974
-0.643251
0.329699
-0.372031
-0.8017
0.110848
-0.649631
-0.959142
0.763463
-0.182759
-0.0757416
0.355346
-0.206441
-0.1645
0.154739
0.450456
0.880831
0.0303847
0.785631
2.99317
1.53434
-0.72391
-1.16614
0.129378
-1.27941
1.14675
0.122954
0.711053
-1.95914
0.217929
-0.146694
-0.736112
0.356631
-1.01154
-1.70333
-1.07759
-0.0932574
-0.75324
-0.351926
-1.16185
1.45697
-1.84888
-0.855407
0.455955
-0.634708
-0.628667
0.212098
0.792029
-1.94175
0.598098
1.31612
-1.69767
-1.43783
-0.338713
-1.55168
-1.65254
-0.851948
-0.0735217
0.997974
1.12801
-0.783002
1.01399
-0.934586
1.11163
-1.73392
-0.56769
-0.0893824
-0.376713
1.5169
0.070842
-0.62032
-1.06223
-0.820532
-1.53895
-1.78827
-0.0259252
1.02833
-0.388665
0.998907
-0.608372
0.249858
-0.628248
-0.10356
-0.457389
-1.9674
0.528443
0.110267
1.11336
0.309898
-0.603277
-0.190069
1.23269
0.0810293
-0.757873
0.497494
0.0270905
0.966465
-0.0388336
0.743932
-1.51441
0.0120327
0.195497
-1.33393
-1.22946
0.415397
-0.542023
0.817439
0.84863
-0.589277
-1.45695
0.423277
1.15585
0.501001
-0.00478298
0.95933
-1.87326
-1.2582
0.303187
-0.811134
1.00457
0.399198
-1.56905
-0.655003
-0.559956
-0.96128
-0.637124
0.530233
0.703114
-1.11849
0.660653
0.162213
0.00637109
1.41099
-0.206033
-1.0212
0.128857
0.526661
1.15347
0.681335
0.337391
1.11678
-0.537454
0.23819
-0.974049
-0.138345
0.446153
0.218761
0.248953
-2.05318
-0.488282
-0.638308
1.35282
0.285161
-1.06746
-0.660664
-0.808153
1.21911
-0.132685
-1.86547
-0.0597315
-2.14113
0.257169
1.45818
0.966932
-2.95395
0.723375
0.964855
0.0958123
0.0781166
0.404214
0.197239
0.279279
-0.537532
0.3954
-1.56233
0.533203
0.701351
1.34229
-0.90077
-0.0175058
-0.407875
-0.530973
0.566472
0.799896
0.773108
-1.03072
-1.69403
-0.321513
0.630911
-0.0942223
1.15607
-1.53666
0.518358
-0.431845
1.6714
1.20137
1.00339
-0.533488
0.481647
-1.04291
-0.72306
-2.10289
-0.320677
1.41849
-0.198519
-1.40212
-1.01232
-1.5462
-0.543825
0.814356
0.00406012
1.01638
0.50929
-1.68724
-0.518177
-0.0326879
-0.179042
-2.0387
0.298246
-0.646416
1.31967
1.59137
0.821127
-0.0542296
2.11583
-0.540011
0.471994
1.6106
-1.56188
0.511757
-0.178276
0.79992
0.293748
-0.0453751
-1.09017
0.550821
0.767399
0.252868
1.11986
0.235605
-0.37663
0.0316489
-0.0730584
-1.7523
-0.377313
-0.834502
1.67921
-0.172292
0.0428707
1.13392
-0.355369
-0.383911
-1.0094
0.0994038
-0.244126
1.72448
0.166503
0.172505
-0.0354758
0.491326
-1.006
-1.11472
0.358205
0.130921
-0.875682
1.11274
0.43301
-0.281493
0.860155
0.10249
2.5487
-0.337933
0.646499
0.168242
1.344
-0.487791
0.274887
-1.20672
2.79674
0.470087
2.51661
0.0955119
0.340765
-1.05606
0.902373
-0.121771
0.644269
-0.756046
0.936543
-1.01029
-0.516344
0.159289
0.937007
0.811287
1.15833
0.897377
-0.919086
-1.74842
1.16464
-0.155523
-0.779465
0.484387
0.422809
1.33016
0.388933
0.876195
-0.332214
-0.862482
0.827344
-0.0113144
-1.71606
-1.09932
-1.04642
-0.0152863
0.436315
0.485047
-2.38246
-1.45678
0.0188739
0.589149
0.489529
0.828672
-1.28457
-1.07962
-0.2417
-0.0768431
-1.12467
-0.36024
0.578961
0.0896266
-0.205705
1.20951
-0.871868
0.0432376
-0.206827
0.881162
1.04195
-1.15438
1.21781
1.13062
0.56585
-1.22102
0.362464
2.33906
-1.06084
0.0518665
-0.397224
0.481776
-0.649732
0.273455
-0.177736
-1.68882
-0.499671
0.116858
-0.0302911
-0.73459
1.09711
1.32863
1.58815
0.0381173
0.654922
0.12258
0.586084
0.241469
0.98087
0.309466
-0.210212
-0.747567
-0.685802
-0.563267
0.114383
0.106357
-1.68121
0.140848
0.885733
-1.64494
0.447878
0.68595
0.198621
-1.73507
1.21435
-1.72622
-0.58962
0.493171
0.116873
1.96542
-1.53324
-0.0804678
-1.00314
-0.643995
-0.510858
1.20432
-0.486779
0.225284
-1.8849
0.537549
-0.0488341
-0.840716
0.11617
-0.140939
-0.470117
1.55883
-1.77095
1.24455
-2.03516
0.56478
1.17994
0.34084
2.09959
-0.00429105
0.685182
1.13896
0.0811342
-1.36454
0.0198725
-0.781193
-1.89406
-2.04637
-0.415397
-0.160329
-0.413593
-0.0531028
1.04301
-1.47813
0.725058
-0.13738
0.696754
0.0831096
0.442945
1.3268
1.11673
-1.64967
0.187658
-0.241405
0.863593
-0.547469
-0.257309
-0.158743
0.276895
1.31235
0.411252
-0.576386
-0.818471
0.918462
-1.78773
0.410655
-0.379937
-0.45231
-0.581957
1.36997
0.150136
0.36727
-0.589184
1.70817
-0.305373
0.00879229
1.75327
1.16392
-0.623243
0.955341
-1.30263
-0.658605
0.0416537
-0.751812
-0.904892
-0.588919
-0.67704
-1.88066
1.82037
0.687415
-1.57146
-0.138636
0.498592
0.0426923
0.112475
0.821257
1.22095
-0.694222
-0.523828
0.105126
1.2869
0.41078
1.19594
0.115797
-0.896236
-1.0018
0.277495
-0.724804
0.135801
-0.651562
0.297386
-0.244371
-0.0487293
-0.843639
-0.59586
0.326982
0.60321
-0.0416224
0.105826
-0.839099
-1.12623
-0.372203
-0.199086
0.604956
-0.0898581
1.44131
-1.00053
0.666937
-0.633329
0.887096
1.38119
0.0104541
-0.360364
0.224634
-0.68156
-1.1973
0.55252
1.02854
0.876903
0.266375
-1.5221
0.435609
1.83823
-1.51807
-0.822227
-1.35241
1.707
1.39182
-0.251486
-1.94201
0.0637067
-2.00082
-0.20314
0.284099
-0.748934
-1.28896
0.702462
1.00226
1.07452
1.22745
-1.01508
-0.435446
0.60962
-0.416159
-0.156415
-0.969702
-0.483332
-0.706112
0.161784
0.60191
0.505928
0.608402
-0.944472
-0.356551
-0.138085
0.724584
-2.21499
0.786618
0.264524
-1.02339
-0.291181
0.220603
0.434169
-0.179684
-2.35961
0.380761
-2.17518
1.48129
-0.999857
0.306366
-0.411825
0.0983665
0.44478
1.53991
0.259496
-0.8678
-0.61461
0.605206
0.74323
-0.343474
-0.230066
0.0062803
0.0549015
-0.915616
-0.714881
-0.655675
0.289533
0.238369
-1.18018
-0.537114
0.339184
-0.851564
0.823842
0.427663
-0.345391
-1.64182
-1.73254
0.0711156
-0.123191
-1.08386
1.50353
-0.152861
0.0511526
-0.513376
-0.978038
-1.51354
-0.964989
1.43444
0.682814
0.205294
0.478885
-0.00797665
0.817021
-0.845459
-0.364892
-0.747164
-0.508852
-0.407329
0.250078
-0.619138
-2.4392
0.944872
0.00520839
-0.140266
0.864042
1.36207
-0.512251
0.230337
-3.54257
-0.326854
-0.31541
0.246183
-0.703594
-0.309426
2.40442
0.882702
0.669713
0.353587
1.33819
-0.377646
-0.0532718
1.18974
-0.579101
-2.60697
0.232049
-0.0198972
-0.422232
-2.08952
-0.471363
-0.435683
-0.250731
0.712277
-0.527231
0.599203
-0.283289
0.299925
0.0323667
-0.227113
-0.531367
1.34979
0.762671
-0.00369877
-0.533569
0.0358977
0.146645
0.919149
0.497922
-2.19509
0.00960213
-0.45844
-2.01922
1.94961
-0.54919
-0.0303065
-1.10375
-1.46865
-0.0865451
-0.476505
2.18865
-0.0301873
0.553738
-0.441861
-1.51927
1.53446
1.02015
0.563611
1.40724
0.87749
1.75604
0.770791
0.695222
1.24066
-1.63574
-0.935241
-0.469476
-0.99358
-0.470382
1.00911
-0.546058
0.453647
0.809579
-1.50937
-1.36171
0.262274
-1.38884
-0.160547
-0.816461
-0.746124
-0.0383716
-0.425428
3.01633
1.7648
-0.492734
-1.14486
-0.369914
-2.20632
-0.407962
1.13804
-0.131706
-0.433587
-1.79115
0.90162
-1.74999
-1.14244
0.0726773
-0.086029
-1.76973
0.829216
1.86143
1.01682
2.36347
1.43208
-0.162328
-0.50807
-0.0637643
0.0570123
0.114369
-1.68084
-2.00865
-0.997354
0.492718
0.945043
-2.98466
-0.380427
-0.470531
-0.229215
0.192825
1.09595
0.337087
-0.0782256
-0.263733
-0.404399
1.83074
0.579378
0.688799
1.64165
0.839114
1.00224
-1.23572
-1.16724
1.31256
0.190759
-0.281565
0.23295
0.0283481
-0.161525
-1.34297
-1.75185
0.0554439
-0.490376
1.52415
0.539428
-0.780446
0.614838
-1.06785
0.955028
-0.828136
-0.235794
0.0618959
-0.743453
-0.593189
0.676722
0.632895
0.466957
2.06892
-0.735889
1.10973
1.63396
1.51813
-0.101992
-0.637854
-0.828485
-0.966413
-0.895008
-1.21572
-3.51134
-0.190673
-0.839759
0.167174
0.110019
0.408224
-0.285151
1.73662
0.00229785
0.250565
0.492678
0.153375
-0.045231
0.0322261
-0.4704
0.853662
0.334576
0.395135
1.11787
1.34473
-1.23426
-0.523588
-0.103217
-0.0275883
-0.0430492
2.06828
-0.879626
0.736681
1.67191
0.51508
0.137359
-0.406615
-0.544105
0.335278
0.84515
-0.0298154
0.0285232
0.413412
-0.800162
-0.284375
-0.8373
0.837656
-1.1543
-0.644952
0.211429
1.92884
1.53498
-1.09785
1.95095
-0.997023
-0.827594
-0.493208
-0.278495
-1.07241
-0.931566
-0.156028
1.37363
-0.239669
0.884571
0.0862797
-0.404174
1.35294
-1.58696
0.399129
0.752864
-0.703877
-0.951624
-0.165711
-0.671645
-0.866561
-1.5913
-1.37576
1.32684
0.465241
-0.61413
1.88432
-1.11541
1.80575
0.847759
1.91687
-1.2092
-0.214656
-0.267963
0.538656
-0.0327871
0.715138
-0.0631916
1.19525
0.925898
-0.683841
-0.371811
0.807645
0.0370027
-0.630375
0.369271
0.424859
-0.362845
0.854313
0.660683
-1.44757
-0.863893
0.351907
1.26553
-0.407623
-1.18667
1.68394
-0.299708
-1.02941
-1.28352
-0.410137
0.115776
0.862119
-0.733683
-1.03768
0.687707
0.714068
-0.182516
0.912894
0.734238
-0.120623
-0.0329442
-1.32119
-0.0971205
-0.752655
0.650416
1.99894
-0.028291
-2.05202
-0.163399
0.121604
0.969707
0.133058
-2.20461
-0.0448274
-0.475
0.826944
0.364822
1.52336
0.151571
1.88907
0.681458
-0.169229
0.0872647
-0.755154
-1.61291
0.261556
1.6759
0.808677
-1.65645
-1.14098
-0.0215744
-2.47983
-1.39321
-0.454684
0.337642
1.24002
-1.03235
0.840857
-0.0394112
-0.560891
-0.254797
0.457987
1.02712
1.76016
-0.66772
-0.00543678
0.591492
-1.31098
-0.631654
1.79958
0.415969
-1.06591
0.372017
-0.150139
-1.79556
1.6973
0.581035
1.31719
0.131053
1.51335
-0.725599
-0.119996
-0.759958
0.1793
2.26307
-1.18504
0.266478
-0.492531
0.682253
0.881226
1.25109
1.24347
0.203686
0.348768
0.198673
-0.81487
0.529424
-1.13712
0.752779
1.20418
-0.504209
-0.34728
-0.112666
-0.983937
0.819188
1.24607
0.572306
-0.871058
0.721399
-0.248437
-1.97742
-0.228076
0.251154
-0.199727
1.53307
-0.64946
-1.21955
0.641992
0.0875102
0.0199378
0.0178132
-0.775856
-1.14929
0.0668763
0.338988
-0.752112
2.65437
1.16414
0.255736
0.188432
-0.841806
-1.2373
-0.220513
-2.49341
0.952386
0.607949
0.132334
0.135009
-0.756959
-0.569542
0.755447
0.82823
-1.75027
0.13015
1.13799
2.76207
0.721936
-0.572109
2.15735
0.216522
2.09915
-0.333125
1.33516
1.58277
-2.01618
0.618131
-0.604334
2.14459
0.352144
1.40153
0.127678
1.39731
1.6542
-0.577863
-0.527844
-0.549607
1.24134
0.0537807
-0.81277
-0.144668
0.217819
0.274924
-1.32543
-0.278329
-0.320144
0.894436
-1.53608
-1.78514
1.28751
-0.324462
0.247389
1.19598
1.47115
-0.0788016
0.459845
0.776041
0.130142
0.246042
0.687591
-0.0294454
-1.144
-0.382517
0.287366
1.38851
1.05732
0.258454
-0.619136
1.23744
0.361176
1.48021
0.100097
0.465632
0.227813
0.610866
0.88351
-0.162303
-0.709992
1.2528
-0.736302
0.848493
-1.71037
0.26191
-0.107104
-1.81696
-1.38992
-0.191634
-1.41075
0.369395
-0.243116
-1.95375
-1.14353
2.73241
0.906435
0.404937
-0.074135
0.528863
0.721835
0.793198
-0.896758
-0.243293
0.829703
0.982696
2.18688
-0.193642
-0.619445
-1.01056
-0.758028
1.5814
-0.806659
-1.05079
-0.0277055
0.273436
2.11608
1.09846
-2.47977
0.0367464
1.42343
0.521829
0.0837252
-0.378802
-1.8621
0.0255394
-0.946319
-2.05249
-0.643464
3.09402
-1.10874
-0.273589
-0.668262
-0.126225
-0.362917
0.0574716
-1.89273
-0.176068
0.757413
0.554145
-1.61816
0.798173
-0.30041
-1.53755
-0.604274
0.0790158
0.816292
-1.02578
-0.531763
-0.145167
-0.70256
-0.374875
1.56167
2.51721
0.830099
-1.45643
-1.20839
1.50885
-0.496364
-0.149126
2.57285
-0.937004
1.00335
0.244578
-0.423131
-0.328643
0.118616
-0.584268
-2.15291
0.437167
-1.90886
-1.34367
0.16353
-0.70216
-0.0969928
0.713583
0.555738
0.888581
1.05445
-0.425597
-1.27368
-0.375924
0.770728
-0.490524
0.51486
-0.656657
1.08602
-0.72865
-1.7846
1.36225
-0.965613
-0.444386
1.31853
0.291673
-1.23034
0.940741
0.0219712
0.250227
1.26863
-1.05966
0.551435
0.0585645
-0.374424
-0.245603
-0.164325
0.347757
0.630738
1.89843
1.54621
0.210663
-0.70468
-0.0737464
-1.50482
0.483103
-0.996699
1.08132
-0.221684
-0.310712
-1.64549
1.94111
0.723098
0.133783
1.94211
-1.08658
-1.3756
-2.06108
1.34003
0.655357
0.153927
0.326806
0.754561
1.53982
-0.234118
-1.70019
1.52058
-0.0997031
-1.99062
0.898514
0.751914
0.515641
0.302347
0.0149869
0.142613
1.09546
-0.0739973
0.279564
0.330483
-1.00026
-0.482511
0.452732
-0.535921
-0.569415
-1.20517
1.2324
-0.497423
-0.503696
-2.44153
0.46334
-0.34975
0.0658372
2.8976
0.358827
-1.19896
-0.560144
-1.48139
-0.658886
0.432108
0.49162
0.478225
0.462559
2.34614
-0.140895
-1.37106
-0.207534
-0.337973
-0.146354
-0.513022
0.23468
-0.589441
0.729653
0.192446
1.63582
-0.459239
-0.502666
-0.378782
-1.45775
0.581096
1.25861
-0.0494403
0.525236
-1.38545
1.52756
0.224804
0.437202
0.0684241
2.19948
-0.640549
1.19848
-1.03735
2.50032
-1.93196
0.93459
-1.97942
1.63074
1.10147
0.990857
-0.50051
0.420028
0.116153
-0.908227
0.982638
0.245454
-1.95112
-0.244433
-1.2953
0.614759
0.92959
-1.30325
0.452667
-1.22627
-0.133017
-0.34483
0.159091
1.27753
0.475919
0.457612
-0.19399
1.02779
0.287806
-0.197326
0.291835
-0.752802
-0.745766
0.229622
-0.901253
-0.387004
-0.889206
-0.377929
-0.174609
-1.22105
0.39624
-0.65739
-1.86982
0.505115
1.82922
-0.18445
1.81257
0.705826
-0.800741
-1.3512
0.726993
-0.177131
0.447279
1.27492
-0.360532
-1.76683
-1.55631
-2.09308
0.0302411
0.824778
0.821929
-0.319686
0.990342
0.519252
-1.5364
0.437549
0.571284
0.727199
0.39781
0.487809
-0.000306499
1.90502
-0.721556
0.421921
0.312793
0.236673
-0.0866426
-0.386833
0.998212
0.94863
-1.17063
1.52665
0.335466
-0.0134861
0.0282327
-1.08906
-0.469034
-0.27801
1.03587
-1.45992
-1.01585
0.838671
-0.272749
0.333871
0.142804
0.55883
0.68577
2.59146
-0.0760648
1.30855
0.458103
-0.470681
-0.809316
0.983864
-0.488074
-0.159481
1.02396
-1.40216
-0.263012
0.529563
1.74687
0.640466
1.50487
0.456466
-0.192131
1.14686
-1.32203
-0.330008
1.68804
1.12614
-0.260154
-0.00657258
-0.576709
-0.00595279
-1.50532
-1.04332
1.67727
-0.0167047
-1.09745
-0.554842
0.645095
-0.678577
0.121435
1.82651
2.17473
-0.519645
-0.508027
-0.445095
-0.259705
-0.171992
1.17737
0.0441552
0.056116
-2.68048
0.273224
-0.0158903
0.0570045
1.662
0.66354
-2.23402
0.151263
0.382305
-1.40367
0.164984
0.45181
0.571202
0.210891
-0.729015
-0.259674
0.471672
-0.959178
-2.19992
0.694106
0.72981
1.05064
-1.5462
0.228957
0.502359
-0.459422
-0.417471
-0.694601
0.94639
0.68247
-0.247964
0.860786
-1.22793
0.918745
0.196981
0.488267
0.398966
1.25126
-1.32169
-0.981296
1.64827
-1.82122
0.808109
0.838194
-0.991775
-1.46068
0.61661
1.72614
0.387644
1.4222
-1.01034
-0.414771
0.12297
-1.14629
0.264079
0.659944
0.083606
0.0706746
0.805746
-0.327009
0.454409
-1.39851
0.811875
-3.03664
0.861094
-0.101529
0.250753
2.20483
0.947947
0.0545463
-1.43138
-1.62822
0.109262
-0.815584
-0.817232
1.24049
-2.26271
-0.000822862
0.268563
0.0690141
-0.614153
2.38791
0.206095
-1.85153
0.286484
1.09448
-1.46114
-1.49059
1.40839
-0.590642
-0.853214
1.77669
0.541048
0.44999
-0.840155
0.103934
1.13786
-1.21941
0.124988
1.76597
0.265991
1.0488
0.09138
0.329777
-0.318696
0.0926795
-0.0323464
-0.76958
-0.976335
-0.763418
-0.218609
-0.457192
0.33614
-0.587953
-1.01613
0.521288
0.345007
0.335133
-0.645281
-1.79463
-0.665543
0.0125015
-0.28556
-0.597295
-0.422896
-0.142491
-0.95723
1.11903
1.40432
0.77306
-0.221426
-0.473815
-1.15948
-0.38593
-1.27817
0.748972
0.375378
0.945142
0.731497
2.03874
0.0382368
0.249077
0.214047
1.62025
-1.71506
0.464915
0.913601
0.360053
0.93568
0.108658
-1.33004
0.0452423
0.87459
-2.49877
0.0188725
-0.154894
0.287539
1.31119
-0.853403
-0.639946
-1.2887
-1.04771
1.7599
0.394294
0.479613
0.550234
-0.17319
0.713335
-0.302105
-1.47537
-1.25967
1.0986
0.524681
-0.986901
-2.24688
-0.325997
-0.837903
1.71663
-1.24956
-0.941613
2.06557
2.05659
0.118533
-0.600205
-0.222283
-0.0135461
0.273598
-0.705592
0.1161
-0.486142
1.35408
-1.38705
0.268719
0.544277
-0.19633
-0.0498872
-0.0939224
0.783443
0.434348
0.0965094
-0.93613
-0.482571
-1.01422
1.05212
1.28494
-0.340108
-0.527588
-1.11359
-1.03183
-0.724763
0.120445
0.364426
-0.250136
-0.0258709
-0.524976
-0.531058
1.33857
-0.0630338
0.291235
-0.477236
-0.686451
-0.497026
-0.0192779
-0.694879
0.407965
-0.629434
-0.492497
1.9986
-0.349449
-0.798326
0.289412
-1.12126
-0.659771
-0.334916
1.0496
-0.287784
0.488403
0.643061
0.681154
-1.29661
-0.382964
-0.782742
-0.684277
1.15712
0.189995
-0.627044
0.0695073
1.13477
-0.445886
-0.261286
3.28135
0.432629
0.597244
0.0754461
1.3827
0.837411
0.369241
1.65289
1.5004
0.723573
0.366858
0.419949
1.04831
-0.101561
-0.590266
2.60047
0.767714
1.32234
1.93163
-0.672347
-1.10726
0.989181
0.354164
0.288223
-1.55608
-1.22388
0.302897
-0.292921
1.90875
-0.81665
0.738006
0.682416
-0.870247
-1.56953
-0.616036
-2.01232
2.26383
-0.046317
1.34561
-1.42196
1.2403
-2.22317
-1.15511
-0.625293
0.661236
-0.472949
-0.450415
1.88822
0.329883
-0.670666
-0.885923
1.32869
-0.209417
-0.334495
-0.0272615
0.283435
-1.54271
-0.353714
-0.430202
-1.46851
-1.22685
0.00323935
0.362006
0.656147
0.440623
1.09641
1.7255
1.42835
1.16068
3.03337
-0.564052
-1.88138
0.167943
-0.119171
0.184379
-0.635581
-0.655235
-0.726734
-1.8389
1.85445
-0.514342
0.183087
0.392275
-0.875566
0.351179
0.381385
2.10654
0.218148
-1.04312
-0.972469
0.309623
2.17095
0.825881
2.37419
1.16849
-0.155323
0.0356465
0.051907
0.741681
-0.733175
-1.59836
-1.35206
-0.990438
0.291865
-0.809338
1.64186
-0.114924
0.592397
0.426768
-1.19792
-0.723855
-0.836787
0.44951
0.328497
0.141371
1.00149
-0.22579
-0.0672415
-0.0130104
-0.00719891
1.61459
-1.49981
2.23699
0.402062
-0.12583
1.30901
-1.03185
-1.03851
1.44932
0.809016
-0.837645
0.169017
0.481428
1.09137
-0.817972
0.438368
0.0968874
-1.23796
1.28433
0.532864
1.49125
-0.989304
-0.182201
1.61544
1.86983
0.808537
1.05947
1.31749
-0.493944
0.717605
-0.0433256
0.0155695
-0.0225834
-0.630897
-0.203914
-1.74745
-2.06522
0.421952
0.965481
-0.0741051
-1.53835
-0.47505
-1.07183
1.71921
-0.68178
0.807226
-0.445059
-1.72316
1.0831
1.10783
-0.222825
1.38687
1.80519
-1.09657
0.360522
1.51159
0.391888
-0.421757
0.248868
0.389782
-0.712999
-1.27738
0.379246
0.430899
-0.144253
-1.87133
-0.116247
1.19723
0.153994
0.564964
2.05739
0.581819
0.26135
-0.723026
-0.729198
0.329421
0.807231
0.127971
1.3859
1.0116
0.873286
1.10056
1.3118
-0.0152
0.618143
-0.0422851
0.359493
-0.563411
0.891196
-0.367961
-0.815554
-1.0137
0.244437
0.094207
-0.780021
-1.35446
0.571071
-2.72071
-2.13198
1.43232
1.87302
-1.27277
1.44943
-1.19859
-0.0792279
-0.983628
1.23536
1.33329
0.122297
2.18336
0.0158042
-0.237327
0.166872
-0.0399919
-0.995344
-0.795267
0.533247
0.199811
-0.523698
0.352381
0.321804
0.354726
-1.02754
-0.563479
-2.366
0.236378
-0.449242
2.10808
0.886984
-0.370341
-2.16752
-0.717488
0.666107
0.625661
0.0908757
-1.27707
0.0281349
0.257062
-0.798561
0.0369928
-1.08542
1.37461
0.600123
-1.89682
-1.01107
-0.338293
-1.31654
-1.24425
0.608649
1.70954
1.69037
0.177212
0.423951
-1.05971
0.0590492
-2.58991
-0.0405218
-0.220532
-0.00502879
1.10438
0.951453
-0.407283
-1.00582
-0.320984
0.333712
1.388
1.73618
-1.79599
0.453058
0.11249
-1.39102
0.620346
0.899415
-0.863567
0.44363
-1.08128
0.1319
-0.302388
-1.10334
-1.47576
0.211712
1.81394
0.152419
2.34182
-1.5913
1.76148
-0.0984314
-1.614
0.304945
0.558557
1.05026
-0.473965
0.718871
1.58287
1.16312
1.85267
0.0063212
0.231654
-0.399972
0.587095
-1.19682
0.438282
0.741262
-0.438895
1.76836
-2.14921
-0.573337
-1.55764
-0.827175
0.526738
-0.379018
-0.929627
-0.0377204
-1.26116
2.25104
0.289028
-0.667928
-1.59571
-0.288769
1.37827
0.365503
-0.300664
-1.32404
0.526906
0.691315
-0.510496
-0.396004
0.164276
-1.89519
0.410001
-0.607305
0.995772
0.966662
0.0517847
-1.13348
0.401534
0.902856
1.49606
1.3197
-0.0419395
1.86779
-1.21005
1.44854
-1.57599
0.323282
0.721797
0.53022
-1.28813
0.797942
0.147566
0.368437
-1.77385
0.583739
0.910092
0.365941
-0.913432
-1.22101
-1.73804
0.562856
-0.524687
-1.12126
-1.38992
-0.882009
-0.0309678
1.91553
0.615383
-0.363557
-0.841235
-0.770744
0.626081
0.745706
-1.20604
0.712381
1.86405
1.32389
1.97422
0.64582
0.291284
-1.68956
-0.851906
-0.491818
-0.393325
-0.514406
0.96768
0.814837
-1.20459
0.965213
-0.309132
1.27657
1.36041
-0.766088
-0.664393
-0.186752
-1.31806
-0.69583
1.50704
0.149505
0.50523
0.991924
0.843108
-0.964278
1.08079
0.163498
-0.375569
0.065403
-0.36032
-0.12871
0.744864
1.61367
1.21801
0.662374
-1.01949
0.0863076
-1.00495
0.165874
-1.19955
0.848618
1.03038
0.231216
-0.142629
-0.261459
1.43302
0.169289
1.09348
0.850755
-0.639463
0.996155
-1.05324
0.695555
-1.39637
1.76123
1.71147
-1.56092
1.1569
1.17501
1.41411
1.6949
0.120084
-1.30607
-0.67662
-1.67593
-0.358466
-0.724941
0.263399
2.00642
1.33653
0.828485
0.71668
-0.86481
-0.519483
-0.519201
0.223936
0.215963
1.22898
0.105931
1.00665
1.88245
0.733776
-2.2466
-0.620397
0.218911
-0.797107
0.142014
2.23137
1.65185
-0.248738
0.49072
0.830107
-0.30995
-0.371342
-0.915374
-1.13621
-0.424217
0.233298
0.581639
-2.01857
-0.545975
0.741969
-1.84713
1.68612
-0.0196449
-1.12587
-0.323088
-1.64997
-1.89006
0.477368
-1.57449
1.18508
0.833507
-0.859718
-0.603274
1.10928
1.91696
0.769531
-1.68532
2.25861
1.72876
0.89545
1.64783
0.461708
-2.12917
0.641999
0.931944
0.167391
-1.22232
0.929115
-0.119293
-2.34236
1.31769
1.08878
-0.594361
-1.00449
-0.450782
0.92456
-0.0675653
1.28213
-1.38672
1.06717
0.0165986
-2.31032
-1.86239
0.0679574
0.670872
0.472326
1.49105
2.6838
1.17696
-1.52898
-1.41183
-1.81352
-0.525581
-0.792535
0.14517
0.709737
0.715685
1.18987
-0.1276
-0.983454
-0.241924
0.761027
-0.860978
0.00724695
-0.695597
1.59021
-0.0256072
0.450176
-0.304522
2.73218
-0.554487
-0.30663
0.433457
-0.435903
-1.15158
0.154778
0.498401
1.13718
-0.0748884
-0.53102
-0.837063
0.189528
0.717501
0.418103
1.14347
0.30766
-1.16994
-0.863312
-0.859537
-0.873707
-1.865
0.236445
-1.09064
0.516405
0.40787
1.17586
-2.40391
1.00296
1.4908
-0.960507
-0.752152
0.0444825
-1.50497
1.38671
-0.31697
-0.487303
-0.665575
-0.47626
-0.773629
-0.807554
0.971714
-0.139257
-0.476924
-1.49292
1.4439
-0.94137
0.661639
1.12907
-1.4085
-0.348467
-0.0684635
-2.09779
1.22132
0.00131224
-0.952637
1.3229
0.586873
0.623494
-0.35505
-0.700764
0.005414
-3.11655
1.35896
-1.92997
1.15485
-0.185167
-0.59192
-0.359397
-1.29303
1.17485
-0.836542
0.920549
0.93214
-1.41652
1.63257
0.763062
1.43981
-0.484404
-0.236164
1.01235
-0.403789
-0.31205
0.802496
-0.374749
-1.72263
-0.606717
-1.62925
1.17672
-0.72771
0.731834
-0.533506
-0.750151
0.921708
0.529613
-1.14984
0.292406
0.631097
0.722088
-0.805582
0.31275
-1.2467
1.23941
-1.47572
0.172498
-0.472823
-0.220108
1.65434
0.617147
-0.496192
0.11652
-0.156029
-0.196141
1.54247
1.28494
-1.90867
-0.159872
0.963647
-0.480279
0.893032
-1.07291
1.65099
0.283143
0.545498
-0.880444
0.128473
-0.118094
-1.33103
-0.906119
-0.437783
-0.911441
1.69548
0.358779
-0.00642818
-0.25238
-0.0627969
0.422854
-0.847583
-0.243576
0.488625
1.09009
1.57506
0.879059
0.573471
-0.305331
0.865056
-0.0359591
1.97712
2.10139
1.5936
1.09659
0.765847
-0.0237293
0.860603
-1.06668
-1.09458
-1.07296
-0.480284
-1.78697
-0.19285
-1.6198
-1.00833
0.337183
1.88443
-0.684709
-0.513819
-0.116539
-2.36266
0.652967
-0.374774
-0.497794
-1.13329
-0.116982
-0.115361
-0.0820013
1.78066
-1.85348
-1.05018
1.32431
0.886006
0.457542
0.569053
-1.72261
0.72021
0.14134
0.206011
-0.456929
-0.98394
1.24921
-1.01983
0.21464
-2.19582
1.271
1.97609
0.688547
-1.28047
-0.639967
-0.11191
-1.01755
0.987258
-0.600501
-0.40584
-0.899261
-0.899134
-1.21214
0.456035
0.658678
1.67091
0.758715
-1.88923
-0.639413
-0.943171
0.0538366
-0.909268
-1.31836
-0.136379
-1.17546
-2.12736
-0.548348
-0.397631
-0.0509883
0.879534
1.01719
-1.39407
0.249267
0.709862
-1.0968
0.570247
0.550982
-1.30705
-0.0803074
2.71713
-0.465378
0.659259
-0.606626
0.963099
-0.98308
-0.679257
-0.537856
-1.8546
1.35778
0.75878
1.35975
-1.01031
-0.0380372
0.65236
1.66568
-0.42199
1.42012
-0.950312
-1.19444
1.28592
-0.915507
-0.164301
-0.100066
0.59054
-0.87308
-0.17185
-2.62334
1.94237
-0.520412
0.751561
-0.0641369
0.343103
-0.861909
0.256082
-0.463835
1.20776
2.33208
0.886459
-0.134759
-0.495445
2.6957
1.28431
-0.580454
0.335023
1.04218
0.343068
-0.371891
0.100955
1.16982
-0.0486171
2.16394
-0.756563
0.369034
-1.97364
-0.137756
1.0283
-0.324347
0.0882276
0.463013
0.747182
2.5213
0.101666
-0.871332
1.08687
-0.672132
-0.408641
-0.506474
-0.254789
0.455957
0.78614
-0.193874
-1.19591
-0.157528
0.543585
-0.00237241
-0.0230059
-2.45252
0.224792
-1.95044
0.854498
0.245724
1.08156
-0.48741
-0.223729
-0.980824
0.00599022
0.134138
0.0545624
1.22557
-1.2431
-0.374944
0.633559
0.946979
1.07881
1.24055
-1.12882
0.159149
1.31128
-0.52558
-1.77874
-0.939662
-0.269034
0.269972
-0.20185
-0.987776
0.900263
1.08797
-0.0809124
-0.447578
-0.521963
-0.193653
-1.86125
0.81708
-0.556414
0.00167974
-0.335043
0.329804
-0.450671
1.14932
-0.144382
1.18578
-0.782429
-0.153327
0.221655
0.616701
1.31154
1.19337
-0.380595
0.441543
-0.503497
0.195064
-0.286509
1.73852
1.17955
-0.236778
-0.0894858
-2.04821
-0.765124
0.264219
0.977795
-1.31051
0.831486
1.49035
0.15017
-1.27241
-0.132797
2.43992
-1.12128
1.17102
1.62589
2.46585
2.70076
-0.470105
-0.36428
0.320917
-0.0463938
-0.0887424
-0.902799
2.14905
1.08454
1.21978
0.702225
1.33271
-0.270967
-1.3574
0.462066
0.316674
0.0494033
0.0530596
0.886286
-0.96603
-0.412803
0.274881
2.17427
-1.32692
-0.799878
-0.43407
-0.859409
-0.475825
-0.754073
-0.24328
-0.131611
0.913079
1.26064
-0.869086
0.124401
-1.32142
0.117553
0.41366
-0.638346
-1.39483
0.734235
-0.189661
0.27315
0.765969
1.37614
-1.44296
-1.73407
-1.2715
-1.256
-0.6913
0.0690599
0.543092
-0.370895
1.01063
-0.466064
1.27693
0.931415
0.237481
-0.44486
0.559628
0.0542513
1.20686
0.436357
0.827162
-1.25166
-0.363128
-0.322248
1.768
2.24668
-1.29556
-0.384377
-1.1093
-0.481606
-1.04805
-0.13436
0.487808
-1.60298
-1.19729
-0.0912489
1.95676
0.435789
-2.05731
-0.105301
-0.535048
0.698064
1.21372
-0.256539
-0.485866
1.00272
-1.09888
0.117104
0.854146
-1.10425
-1.49532
1.27776
0.240441
-0.794953
0.154163
-0.212418
-1.72246
1.26749
-0.529732
-0.230237
-0.745679
1.69539
0.861392
-0.0280557
-1.1024
-0.655585
0.427526
-0.16659
-1.89787
0.835005
-0.730461
-1.12782
-1.34127
0.580261
-0.236494
0.914669
-1.29202
-2.42956
0.162735
-0.230132
0.565864
-0.525139
0.385329
-1.08923
-0.231586
0.245298
-0.501805
0.666611
0.0350233
-0.493388
-0.373492
-0.399792
0.503644
-1.42505
1.20582
0.0339255
0.491834
0.213175
0.379513
0.51716
-0.173056
-0.283034
0.657127
-1.7357
-0.425107
-1.84913
1.21814
-0.41314
2.46059
-1.33651
0.0250152
1.22537
0.482043
-0.626126
1.23544
-0.990841
-0.0894902
-0.737612
2.37594
-0.256921
0.393574
0.0215833
0.211376
1.51251
-2.04536
-1.20492
1.11157
0.24844
-0.802567
-0.139441
-1.55856
1.5455
-0.335323
-0.796495
2.1158
-0.421748
1.79817
1.74446
-0.943359
-0.503252
0.675853
0.133458
-0.335641
-0.210874
-0.200468
0.843986
-0.476161
2.44202
0.0683257
-0.436594
-0.312573
1.58866
-0.609739
-1.21382
0.551604
-2.19375
0.589308
1.7784
-1.09256
0.15232
0.076309
0.161897
-0.188035
0.855687
0.0648188
-0.0862454
-0.484884
-0.583429
1.15261
-0.0407099
0.277725
0.184339
1.16891
-0.436441
0.0476785
0.196458
1.51719
1.02238
-0.44608
-0.97788
0.741324
1.38
0.416164
0.828619
2.13431
-1.34924
-0.436965
-0.0274892
0.319356
-0.429471
1.40866
2.13895
0.797501
0.164733
1.60228
-0.288153
0.137598
-1.55381
3.08897
-0.305347
-1.08951
1.01115
-0.542746
-0.608606
0.272531
-1.86779
-1.75603
-0.283836
-0.356905
0.965817
-1.41553
-0.164081
0.0759391
-0.386318
0.564542
-1.18334
1.89502
1.06025
0.491311
0.019817
2.10423
0.514751
-0.406496
-0.206597
0.0315419
0.360229
1.43512
1.17388
0.471244
0.444287
-1.25941
1.66292
-0.507856
-0.0412544
2.10459
0.65019
-0.287528
-1.42983
-0.392656
0.814808
-0.713425
-0.0368831
-0.0490935
1.40537
0.571717
-0.241494
-1.91894
-0.0939243
1.51659
0.227855
-0.0952242
-0.832084
2.10464
-1.5159
1.49802
-0.611143
1.46547
0.999869
0.949165
-1.04169
-0.745496
1.04802
-0.34772
-0.781991
-0.65128
0.137988
-1.55975
-0.00360763
-1.07431
-0.0826216
0.314175
-0.484129
0.126861
0.182806
0.0273731
1.41758
-1.12813
1.80568
-0.879079
-0.699238
0.62887
-0.485149
0.496024
0.0797677
0.649891
-0.313468
-0.641792
-1.09227
-2.14709
-0.895786
1.20188
-0.515993
1.05533
0.359012
-1.12156
0.356482
-0.2006
0.618416
-0.78155
-0.469179
-1.46395
0.0533156
-0.204288
-0.30349
0.137356
-1.103
0.437711
-1.1217
0.699548
1.18187
-1.05036
-1.5231
1.6011
0.319356
-0.923086
-0.654319
0.566091
0.870641
-0.576105
-1.42316
-0.426677
0.711796
-1.94587
-0.757761
-0.378481
1.30581
1.11279
-0.0933659
-1.34607
0.00668835
-0.445997
-0.359577
-0.854155
-0.069824
-0.307412
0.153529
0.597825
-1.61042
1.73323
-0.770342
-0.246501
0.806298
-0.556077
-0.454817
0.50162
-0.171298
-0.318053
1.02769
0.402996
1.15083
-0.566246
-0.255455
-1.01073
0.307252
-0.436602
-1.44739
-1.04305
0.117307
2.01048
-0.191271
-0.913669
-0.00708446
-1.97879
-0.42382
-2.4663
-0.290441
0.910765
0.146427
-0.852637
1.61794
-0.915753
1.06506
0.239149
0.484968
-0.581725
0.819156
0.699684
0.29574
0.562523
-0.421163
-1.83823
-0.402711
-0.663371
0.841458
-2.07018
0.0032775
-0.486453
-1.18197
-0.354191
-1.41421
-0.0131764
1.36882
-1.28673
-0.766718
-0.755531
-0.245292
-1.71942
-0.549086
0.548056
1.02801
-0.0932238
-0.774106
0.0637677
-0.217759
-0.743711
-0.0756782
-0.207542
1.03626
0.486514
-0.107607
-0.83986
0.0968176
1.68128
2.08197
0.0191068
-1.28759
1.45061
-0.670061
-0.52326
-0.238176
1.12123
-0.665861
-0.903274
1.20092
-0.00261571
2.21029
-0.586486
1.04887
0.742251
0.175083
0.873027
-0.146079
0.502266
0.570447
-0.468754
0.108403
-0.942596
0.466754
1.40396
0.254949
-1.35648
0.98062
-0.928726
-0.899764
0.949883
-0.272994
0.980465
-1.05613
-1.12992
-0.35398
0.688776
-0.665406
-0.987678
0.990195
-1.15658
-1.33782
1.11023
-1.01971
-1.12244
-0.389101
2.06508
1.57835
1.02888
0.129878
-0.371808
-0.147448
-0.459648
-0.43729
-2.7717
0.399324
0.257497
0.107202
0.705603
-0.266527
0.314798
-0.393816
0.660719
1.49186
0.490829
1.28376
-0.327022
3.26808
1.95294
1.08462
-0.880089
-0.976708
0.1616
-1.53769
0.0639803
0.623365
-1.04461
0.501938
-0.490713
2.17909
0.2667
1.66482
-0.0883247
-0.174113
0.432063
-0.46104
-0.662761
-0.661237
0.85434
0.882161
-0.592113
-0.669841
-0.158532
0.801268
-1.32376
-0.0393205
0.0852173
0.764309
0.651844
-0.52185
2.06014
0.539588
0.193885
0.972594
-0.0726969
-0.801363
0.708153
0.0308778
-2.65014
0.061543
-0.396606
1.34472
-0.57842
1.14562
-0.469413
-0.31887
-2.95244
-0.816826
-0.0137717
-1.56982
-0.732329
-0.380662
-0.420101
0.934349
-0.30263
-1.22185
-0.156604
0.442237
0.645129
-0.320013
-0.220517
2.26223
-0.50825
-0.848093
2.54411
0.732849
0.235044
-0.833861
-1.07911
0.105848
-0.0466371
0.266357
0.748266
-0.145017
1.3428
-2.19337
-0.361846
0.779889
0.894937
-0.703956
1.48359
-1.41881
0.591515
-1.05845
0.12522
0.570904
0.847829
0.0382179
0.466835
-0.556526
-1.11563
0.252336
1.05636
-1.84491
0.911466
0.74827
-0.117174
-0.533747
1.10649
2.24757
-0.166163
-1.01886
-1.37028
-1.15363
-0.137381
-1.79278
0.161229
-0.317147
-0.475523
-0.0193176
-1.34734
-0.347959
-0.730209
1.94068
-1.52022
0.493973
-1.0674
0.914392
-1.45497
-0.423852
-0.344435
0.0394987
0.0521522
0.0716801
-0.203766
0.882712
-0.946047
-1.6861
-1.17468
0.742422
-0.949416
1.271
0.443555
-1.40878
-0.958264
-0.312447
-0.566431
-1.47899
0.573931
1.93434
2.36176
0.530386
-0.680027
0.422637
-0.67312
-0.579848
0.827625
-0.862032
-0.895433
0.97702
0.620769
-0.673488
-0.090293
-0.569156
0.683396
0.0478912
0.642306
-1.58839
0.108021
0.0569699
1.6494
-0.60671
-0.642845
-1.02771
0.1169
0.679062
-1.50463
-1.21359
1.35934
0.0545054
-0.320101
0.822424
-2.59856
-1.28111
0.292152
-1.77194
0.66702
-0.668855
-0.0126378
-0.191666
-1.5022
0.0560287
-0.379666
-0.419247
-2.26329
-1.01804
0.216681
-1.17817
1.11656
1.60611
-2.06247
-0.843064
0.125253
-0.615205
0.868748
-0.289882
1.48545
-0.606303
-0.436529
-0.909429
1.46553
-0.0070188
1.65569
0.308625
0.324775
-0.960413
-1.201
-0.314249
-0.719625
2.22675
0.713338
2.20752
1.39142
-0.842789
-1.27029
0.0542121
0.330582
-0.473095
0.227094
0.947941
0.0120388
0.568494
1.69308
-0.0936702
0.280599
1.17263
-0.840708
0.178856
-1.19826
0.693436
0.534228
0.566353
-0.0451752
0.216207
-2.41997
-0.585225
-0.875117
-1.79693
1.16453
1.43478
0.660755
-0.315197
1.056
0.964414
0.721911
0.151911
-0.291607
-0.515036
-1.08174
-0.445698
-0.111149
1.57887
-0.363549
-0.0961415
1.27738
-0.579043
-0.290865
-0.302987
0.0416251
0.0679396
-0.31113
0.115182
0.0774259
-1.87456
1.37406
0.520651
1.69713
-0.487976
-0.248278
1.03207
-0.00250301
1.18438
1.0243
0.832306
-1.14929
-1.09413
-3.11377
0.591233
0.513818
-0.347812
0.627733
-1.43682
-0.860676
-0.899574
0.409774
-0.127297
-0.0773365
0.29448
-0.318179
-0.717724
0.391555
0.691308
0.830984
0.433463
-0.336523
0.063201
-0.609519
0.981664
0.574549
1.20044
1.29002
1.13353
-0.192177
-1.10228
1.17792
-1.09653
0.340925
-0.221055
-1.0943
0.0530528
0.796132
-1.01251
-0.0786723
0.300867
0.493907
1.26877
-0.939583
1.12733
2.22215
-0.0653126
1.39234
0.963243
-0.739104
-0.159386
-0.709045
-1.26587
2.07024
-0.753299
1.85508
-0.251579
1.37831
-0.755196
0.578843
-0.950437
-0.117298
0.439512
0.83864
1.26486
-1.01009
1.14077
0.426644
0.247138
-1.40155
-1.91481
-0.544223
1.58765
-0.119354
-0.172414
3.12932
1.23593
-0.0807274
-0.962865
1.34256
-1.07977
-0.563512
0.499087
1.01049
-2.21255
-0.167211
0.183475
-0.139503
1.10818
0.404079
-1.43446
0.376064
-0.872681
0.798543
-1.57311
-1.85822
1.89182
-1.52022
-0.818843
1.08548
1.38861
-0.0568271
-1.03927
0.979379
0.226027
0.382843
-0.530818
0.580829
2.45744
-1.25187
0.0394182
0.792404
0.179661
0.189352
-0.756642
2.30699
0.765108
-1.20609
1.18709
0.282588
0.522768
0.0144981
0.987422
-0.258718
2.10992
-0.712919
-0.0568875
-1.2678
-1.04372
-1.16647
-1.31553
-0.242262
0.304363
-0.305673
0.95553
1.00244
0.50547
0.0774617
-1.60095
0.811294
0.11166
2.18212
-1.34289
0.302874
-0.282903
0.618918
0.80732
0.661955
0.0550857
1.97439
-0.0612352
1.21462
-0.135249
0.37474
0.138415
0.035421
-0.893676
1.16222
-0.0820791
0.508977
-0.69073
0.199486
1.70112
0.139603
-1.86211
0.635717
0.644469
0.469373
2.00157
0.843585
-0.447757
-1.40235
-1.32926
0.827867
0.67965
-0.579355
-0.868205
-0.314691
0.475278
-0.644855
0.931114
0.0761557
0.478239
0.189737
-0.685849
0.896827
1.06991
1.53813
-1.24142
-0.0626701
0.657873
0.652111
-0.262266
-0.914447
0.182443
-1.35864
0.564254
0.444967
-1.04098
-0.355535
1.08757
0.763034
-1.64193
0.40162
0.134637
-0.125786
0.306886
0.333555
1.47
0.0542126
0.68651
0.291229
-2.33257
1.06657
-1.57821
-0.0386967
-0.278292
-0.389619
-0.618116
-0.980978
0.472177
0.0108557
0.115304
0.135959
-0.968444
1.4132
-0.361956
1.17669
1.1774
2.13759
0.506085
-0.357128
-0.730398
-0.815487
0.0311369
-1.35266
1.16617
-0.827483
0.231426
0.401797
0.438739
-0.312861
-0.333524
0.937468
-1.40594
0.158419
0.169777
-1.60687
-1.78002
-1.34822
-0.113662
-0.177359
0.0123212
0.112348
-0.380881
0.65881
1.56821
-0.0919026
-0.43667
-0.885536
-2.75329
0.376972
1.58211
0.0965509
0.774725
-1.11783
-0.241899
-0.0678179
0.286827
-1.73406
0.487764
0.310513
0.031841
-0.425373
0.621048
0.0495356
-1.14775
0.515853
-0.0268527
2.02345
0.0452411
-0.310007
-0.500529
-0.173522
0.726053
0.788544
-0.15365
2.14062
0.703282
0.124318
-2.01258
-0.724297
-0.516595
0.0871637
-0.626272
0.954204
0.0457105
1.50492
0.369173
1.17955
-1.74117
0.294682
-0.459739
1.98759
0.218157
-1.40861
-0.58359
1.1997
0.545053
-0.461196
1.08654
0.25498
-0.0463701
-0.908642
2.67157
-1.33566
1.55445
-0.723667
-0.946849
-0.0870255
0.612053
-0.418407
-1.20984
0.569477
-1.79296
0.372054
-2.4563
1.04388
-0.047433
-2.02574
0.765027
-2.26551
0.223062
0.76488
-0.442961
0.472021
0.145092
-1.53553
-0.828357
0.562037
0.0555223
-1.18344
-0.732713
-0.606605
-0.303549
-0.0241511
-0.187097
-0.0730693
-1.0099
-0.586488
-0.489349
-0.104014
1.24469
0.00849792
-0.795991
-1.36421
0.510053
-0.463537
0.0847449
0.432318
-1.08679
0.146866
2.01229
-0.83652
1.56075
-0.433345
0.16227
0.751204
1.07932
-1.77298
0.284193
1.27656
0.170847
1.00131
-1.97375
-0.0624018
1.15201
2.12766
0.284024
-1.92731
-0.147768
0.377749
-2.47539
-0.761728
-1.35267
2.1618
0.477044
0.633656
-0.336241
0.862627
0.41436
0.483251
-0.121394
-1.71078
1.4388
-0.36364
0.184816
-0.474517
-0.56022
0.66087
1.12624
0.611637
1.41234
0.0946113
1.00309
0.227067
-0.313832
0.476675
-0.520685
1.07633
-0.456349
-1.44259
-0.640972
0.191726
1.79591
-2.3713
1.94029
0.787082
-0.864107
0.299029
-0.0526229
-0.622218
0.912583
1.2907
0.435561
0.234774
1.536
0.211223
-0.00452839
-0.461225
-0.171976
-0.481565
1.1598
-0.375963
0.798749
-0.134232
0.30742
0.00684706
-0.611794
0.621323
-0.975896
0.517145
2.28064
-1.40561
-0.451001
-0.996014
-0.243755
0.24443
-1.40074
1.79652
1.08549
1.16915
-0.512905
-1.1467
0.13194
0.62565
-0.130608
0.719148
-1.41014
0.661519
1.21451
0.15593
-0.721963
-0.526333
-1.55811
1.18226
1.02323
-0.839174
-0.805562
1.48531
-0.110503
0.32921
1.73916
0.476355
0.0231868
-1.13403
0.0103633
0.905429
-2.76588
-1.90674
1.39398
0.647277
0.270971
-1.33836
0.89872
-2.4329
0.42726
-1.45403
-0.40922
0.615025
1.4835
-2.83234
-0.312563
-0.428965
1.52901
0.642162
0.691728
0.741393
-0.0100697
-0.864345
1.02483
-0.695945
1.23877
-1.73898
-0.377372
-2.16484
-1.30949
-1.1079
0.542085
-0.142983
0.34721
-0.488551
-1.23394
-1.19394
0.269859
-1.64487
-1.81961
1.5767
0.116089
-1.94325
-0.108669
0.679163
2.04066
0.594535
-0.346419
-0.596439
0.961408
-1.30686
0.799524
0.501794
0.424995
0.439444
-0.566215
-0.737131
0.798648
0.601878
-0.570282
-0.786311
0.765494
-1.20642
-0.502073
0.517918
-1.2341
-0.823648
0.26061
-0.283215
0.515143
-0.334427
0.656831
-1.16982
-0.466648
0.469207
-0.262033
0.544645
-1.7137
1.53952
0.0714884
1.61809
-1.00554
-0.0775067
-1.65029
0.284586
0.712428
-0.48652
-0.530496
-0.822883
-1.03189
1.33166
-0.332489
0.433479
-1.04944
-0.723159
0.981381
-1.122
0.25064
-0.437679
0.0344471
0.874307
1.7979
0.548343
-0.407351
-2.56226
-1.44261
-0.769322
-0.193766
1.88846
1.71163
-2.42326
0.579703
0.651113
-0.252279
0.721563
1.0757
-0.72461
0.473694
-0.218082
0.400389
0.0353944
-1.57177
-1.02942
-1.06904
-0.511273
-0.377877
0.647329
-1.56495
-1.59646
-2.0231
-0.0257429
0.0171773
1.52743
-0.476347
0.097871
1.32591
-0.120029
-0.114783
-1.10156
-1.1688
-0.900178
-0.903277
1.42862
-1.64255
-0.395066
0.406996
0.128237
-0.0333322
-0.49881
-0.894462
-0.660698
0.106536
0.36401
-1.29969
1.04905
-2.33275
-1.06919
0.102467
-0.786429
1.40305
1.92558
-1.40524
0.293912
0.541006
1.3268
1.38213
0.424173
1.09026
0.813794
0.641759
-0.802292
0.0809654
-0.65078
-0.346107
0.259484
-1.96816
1.11487
-0.241587
-0.511453
-0.0907231
0.304091
1.26707
0.345938
0.341285
-0.272394
-1.918
0.977512
1.82974
-0.653192
-0.651479
-0.473457
0.590938
-0.587352
0.764442
0.808472
-0.210735
-0.126214
0.886786
0.441391
0.795891
-0.495657
-0.694368
0.0655764
-1.26209
0.739869
-0.319107
-1.35899
0.709939
0.314367
-0.055595
0.965153
-1.20037
0.33269
1.33712
0.255584
0.358275
-0.574169
0.553971
-1.88997
1.32271
-0.203605
0.50547
0.26792
0.771391
-2.08801
1.35108
-0.0213262
-2.36986
0.550159
-0.457426
-1.32489
-0.79515
-1.53534
-2.04268
1.02598
-0.591791
0.534713
-0.534112
-0.179778
-0.24393
-0.15039
-0.721613
-0.227764
1.05188
0.241635
-0.494512
-2.90547
0.102742
-0.36477
1.29704
-2.78177
2.51905
1.17741
1.52289
-0.392066
-1.52334
0.132282
0.211261
1.11139
0.166405
-0.105927
0.956445
-0.541904
0.372341
0.145962
-0.725568
-0.212538
-0.140199
-0.126198
1.04803
1.59252
-1.47895
-1.30928
0.179205
-1.13356
-1.03128
-1.23006
0.552978
0.478962
-2.17515
-2.31855
-1.64387
-0.835136
0.788818
-1.68681
2.22337
0.954943
0.268985
0.218585
-0.712002
-0.140136
-0.312135
-1.02802
-1.01543
1.66001
-0.0946096
0.265156
0.681594
-0.817688
0.555458
0.329958
0.418484
-0.628773
-0.496461
0.870322
-1.75528
-0.735601
0.68526
-0.0945237
0.290851
1.26659
0.472431
0.771044
0.176158
0.67001
-0.448792
-0.463489
0.215428
1.07584
0.554519
-0.0576668
-0.667911
-0.791235
-0.0717882
1.05854
-1.1007
-0.74264
0.233443
0.930694
0.624348
-1.22724
-0.742412
-1.27876
-1.02457
0.616858
-0.709706
0.0868849
-0.811981
1.00286
0.587392
0.328415
-1.23943
-1.57473
-0.662163
1.78883
0.277878
0.0416784
-1.55893
0.254781
0.414613
-0.308524
0.420947
-1.28764
0.216865
-0.255102
-0.28867
0.087802
0.774996
1.65507
-1.29663
2.31102
0.81588
0.819701
0.143374
0.257386
1.383
-0.356763
0.402869
-0.666999
0.537973
0.337089
-1.43077
-0.405603
0.0496723
-1.05519
-1.43141
0.28663
0.400768
-0.11336
-0.776369
-1.24597
0.789084
0.548434
0.284451
0.404032
-1.13664
0.0792499
-0.921968
0.0619675
-1.22238
0.142656
1.01743
0.703793
1.09903
-1.19744
-0.360699
-0.481736
0.328644
0.124554
0.392012
-0.150067
1.01754
0.784301
0.89486
1.59344
0.230683
-0.478958
0.0713298
1.19721
-0.911547
-0.0401472
-0.590339
-0.627145
-1.57109
0.0570303
1.9052
1.72924
2.28782
0.483745
0.143351
-0.336341
0.0525652
2.25783
-0.0326175
-0.417925
-0.208612
0.543103
-0.330632
0.618015
-0.308306
-0.029231
-0.488405
1.46756
0.630549
-2.1401
-1.36341
-0.498228
-1.32421
0.382873
-1.15597
-0.0853016
1.32641
1.4931
0.754777
0.593957
0.314823
-0.472695
-0.370521
0.75785
-0.32168
-0.612815
-1.30696
0.942664
-0.80446
0.886968
1.19311
-0.10874
-1.56015
0.544135
0.780538
0.498364
0.112797
0.330221
0.0895884
-1.50239
0.785195
-0.734955
-0.148987
-1.42794
0.346658
-1.33499
-0.658554
1.31309
0.222342
0.216126
1.00379
0.0197445
-1.43541
0.833389
0.33767
1.04319
-0.648578
-0.954756
0.652536
0.0838935
0.735891
0.0838156
-1.03849
-0.95696
-1.85836
-0.638397
-0.614
0.534227
-0.294429
-0.855301
0.29277
0.431379
-0.196387
0.214617
-0.38513
0.147107
0.375304
0.80923
0.271031
-0.766868
-0.287309
1.61715
0.670922
0.291076
-1.11894
-0.238271
-0.0282089
-0.477025
0.676543
-0.801688
-0.475605
0.316484
-0.337376
-0.426463
-1.2244
1.52342
0.0242646
0.116826
-1.52166
-0.212349
-0.493848
1.44176
0.627647
1.24199
-0.828469
0.389567
-0.225285
-0.894715
-0.127834
-0.968018
1.45852
2.05669
0.692227
-0.466442
-0.245155
-0.801899
0.452994
1.05814
-2.18214
-0.535398
0.255672
0.386263
0.616139
-1.30264
1.26534
-0.76658
0.018569
0.280796
-0.641598
-0.126324
-0.0664791
1.89465
6.3755e-05
-1.00545
-0.623316
-0.927088
0.075727
0.527936
0.490698
-0.201041
0.126739
-0.773004
0.288922
-0.525596
-0.261933
-0.535775
0.493793
-0.537094
0.878356
0.29464
-0.049496
-0.673987
-2.5896
0.423069
0.14229
-1.15198
1.98028
1.35985
-1.3648
-0.0712722
-0.81442
-1.01637
0.751369
-0.344908
-1.15927
-1.57188
0.995438
-0.471938
-0.352558
-0.268139
-0.625211
-0.13065
-1.15651
-0.60414
-0.816477
-1.77
0.52318
1.02062
-0.59714
-1.85624
0.557742
-0.00541193
2.04095
0.386602
0.427818
0.237954
-0.508787
-0.402672
2.04154
-0.247332
0.124771
0.45704
0.306361
0.516601
-0.418694
0.142716
1.49233
1.28536
0.709011
-1.14572
-0.938396
0.289858
0.367099
0.549108
-0.109699
-0.391441
-1.18514
-0.848596
1.60107
-0.175335
-0.253872
-1.17995
0.191137
0.326736
-0.753435
1.98641
-0.357122
0.922623
0.702042
-1.09052
-1.88929
0.886323
-0.62811
-0.185477
1.80188
0.606793
0.831339
0.294539
-0.344218
0.811826
-0.281282
1.26725
-1.88941
-2.11436
-0.569232
-0.345394
1.87937
1.75547
-0.614426
0.566252
-0.0271287
-0.271551
0.0972302
-1.11124
0.717105
0.785319
1.57424
0.71297
0.129427
-1.02831
1.65263
0.921657
-0.900337
2.48852
0.358388
0.565953
-0.968743
-0.0739775
0.810606
-0.0529588
-0.131654
0.486755
-0.0951895
1.9385
0.011659
-0.775437
-0.418431
0.458942
-0.0991821
0.746792
-0.0143922
1.40513
0.268361
-0.999452
-0.325424
1.41009
1.055
0.746784
1.17481
-0.477101
-1.1776
0.758551
-0.572253
1.20013
-0.575101
0.137225
1.19085
-0.41637
-0.845232
-0.152356
-1.49609
0.447804
0.963169
-0.272504
-1.22255
-0.211426
-2.4754
0.535617
-0.149214
0.94692
0.210151
0.365876
1.23099
0.996198
-0.925769
0.347857
0.851128
-0.0694603
-0.125502
-0.352993
-0.319513
0.338358
1.05179
0.167283
0.185205
-0.23124
-0.752204
0.261117
-0.140505
-0.232194
-2.17324
-0.394308
0.722627
1.00735
1.13358
-0.429266
1.92191
1.11854
-0.835321
0.845052
-0.292256
0.58231
-0.631634
2.20625
-0.719379
-0.323808
0.116967
0.571521
0.177659
-0.528461
-0.801665
0.896859
0.514797
0.42042
0.742633
-0.716346
-0.299589
1.01507
1.31659
-0.655765
-1.10401
0.214708
-1.17041
1.22755
1.06266
0.584973
1.21626
-0.925498
-0.119053
0.222761
-0.511466
0.623936
1.24974
0.625613
0.212466
-0.445898
1.08794
1.09145
-0.363326
1.5046
-0.534964
0.698972
-1.28736
-0.849054
1.20906
-0.00484495
-0.176303
-0.181895
0.598635
-0.274878
-0.296444
-0.624409
0.287305
-0.670883
0.885559
0.377733
1.48404
0.16059
-0.596563
-1.30431
-0.231123
-0.377043
0.091391
-1.69976
-0.550655
-0.308428
1.00457
-0.0337564
-0.570513
-1.0575
-0.120538
0.53765
1.15975
0.253799
-0.174228
-1.01615
1.12161
-2.57017
0.0388903
-0.502881
-0.301746
-1.52982
-0.19569
-0.0888389
-1.33485
-0.154856
0.535342
-0.174884
0.230759
1.55127
-2.03931
0.748063
-1.42007
-0.619849
1.19468
0.400519
-0.244352
3.07555
-1.98323
1.21869
0.0894426
-1.08216
0.578996
-1.09318
2.46947
0.601321
-2.58679
1.80826
-1.58102
-0.938129
-0.947509
1.19109
-0.919108
0.832972
0.368487
-0.52149
0.0426081
-0.214549
-0.697016
0.577177
-1.19491
1.27826
1.08041
0.303013
-1.21473
-1.00132
0.227689
0.240639
-1.04185
-0.451996
0.0640821
-1.29267
-0.028319
1.49592
-0.524046
-1.2697
-0.703409
1.63835
-1.50445
-0.971733
-0.658511
0.309297
1.21681
-1.10467
-1.74165
-0.299608
-1.19917
-0.487654
-0.697278
0.694537
-0.701528
-2.12244
-0.325462
0.178593
1.38537
-0.00229541
-0.331541
0.091086
-0.920776
0.437554
-0.292781
0.560107
-0.410508
1.26573
0.76655
-0.55403
1.68059
0.109001
-0.361182
-1.34154
0.273236
0.706805
0.848531
-1.79624
-0.291857
-1.51414
0.39752
1.12988
1.28519
1.28861
-0.03952
-0.898815
-0.608567
1.29151
-0.597409
1.17753
-1.37412
-0.598725
-0.137247
-0.0152839
0.727217
1.25029
-0.627438
0.217531
0.339298
-1.95878
0.58284
0.432011
0.33636
1.21406
-1.03024
-3.15689
-0.500205
0.0610845
-1.74153
0.055815
-0.863453
-1.45113
1.10601
1.12716
-0.954065
-0.511554
-0.27815
-0.112412
1.11876
-0.182723
0.19471
0.810732
0.643849
1.31364
0.985964
-1.39546
-0.628896
0.631735
0.672825
0.0101331
-0.290854
0.240679
0.667488
-1.34415
-0.983191
-0.401272
-0.96026
1.01472
0.648287
-1.53449
0.0322548
0.478724
1.42271
-1.4165
0.422659
-0.885054
0.413664
-1.10174
-0.61977
-1.10989
0.567535
-1.85035
0.762786
2.18529
-0.848872
-0.186969
-0.795724
-0.209697
1.36722
0.900085
-2.869
0.773616
0.140485
-0.0519526
0.283015
1.63064
-0.740125
1.25236
-0.57806
0.284372
0.960984
1.22525
1.69488
-0.402238
-1.09735
-1.51044
-0.668043
0.96886
0.470667
-0.0563636
0.488061
-1.54774
1.29052
-0.240092
-0.0729989
-0.553175
0.389972
-1.36762
-0.97633
0.334347
-0.307315
1.51418
1.6184
-1.08618
0.524311
0.508766
-0.113056
0.0412849
-1.31852
0.653715
-0.141668
0.19262
-0.501328
-0.593368
0.257389
-0.568915
0.623568
0.279222
0.202195
0.322769
0.134413
0.109055
-1.10676
1.43197
-2.31758
0.598031
-0.934309
1.05857
-1.00685
0.201863
-2.15369
-0.890466
-1.33571
-0.183687
-1.30813
0.205642
-0.00433462
0.737042
0.456166
0.115616
-0.113666
-0.947975
-1.15942
0.0826009
-0.274551
-0.90426
-0.918103
1.25358
-0.242505
-0.502327
-1.74767
-0.813042
-1.2165
-1.1255
1.91044
0.740683
1.18725
-0.137515
-0.795688
0.199492
-0.979458
0.909395
-0.89066
-0.865671
0.886016
-0.708566
-0.951083
1.35847
1.62994
0.118983
-1.13975
0.841788
0.0334338
0.170045
-0.0961621
-0.320217
-1.66782
-0.259205
-0.137151
1.27607
-0.918653
0.849868
0.168469
-1.04953
1.20394
-1.42815
0.13454
0.933003
1.53432
-0.498915
-0.187294
-0.868324
1.41487
-0.440789
1.54268
-0.803368
0.737664
0.909472
0.187544
0.17556
-0.586653
0.797762
-0.917781
0.521243
1.0828
0.0225147
0.547532
-0.631503
0.472293
2.13907
0.623506
-0.255962
-0.162377
0.108782
-0.539707
0.174935
1.05438
0.0058635
-1.30973
0.127625
0.127774
-0.0762387
0.378718
0.522828
-0.992841
-1.29175
-0.760303
-0.0097874
0.850926
1.14853
0.866205
-0.060059
0.577633
0.530961
2.23137
-0.80819
-0.250315
-0.014299
1.6285
-1.58495
-1.13004
1.25495
-1.50481
-0.101412
-0.802623
1.59628
-0.841442
0.471095
0.79126
1.01754
-0.0352325
-0.519633
-1.84649
1.59296
0.448835
1.16246
0.0402452
0.815531
-0.269996
0.24285
1.72468
-0.788244
0.668231
1.18191
-0.518913
0.148448
-1.02283
0.743286
1.69945
1.26302
0.647371
2.4052
-0.560336
-0.875181
-0.205305
3.61314
0.305444
-1.37628
-1.49864
0.673411
0.965746
-1.4048
-1.48118
-4.12596
0.396891
-1.39293
-0.120992
-0.173001
0.0627848
0.00269959
0.0812644
-1.45977
0.51033
0.0525295
-0.163806
-0.359584
-1.4999
-0.459627
0.0563785
-0.359976
1.59227
-0.430424
1.91924
-0.221314
-1.37969
-1.18828
1.81408
-1.40093
1.25099
1.64198
1.07523
-0.383515
-0.486431
1.05208
0.919965
0.594357
-0.701184
-1.36986
2.27478
0.330477
-2.98515
0.578867
-0.148325
0.517683
0.151317
-1.13666
0.18604
-2.38116
0.42224
0.0268429
-0.783691
-0.5551
0.238761
0.713407
-0.441613
-1.79875
0.113077
1.4238
0.118892
-0.575405
0.880932
-0.0203465
0.107231
1.40128
-1.10562
0.226839
-0.27242
-0.730962
-0.619608
-2.24002
0.439068
0.66761
-1.20793
0.887417
-0.790429
1.86284
-1.23821
-0.0560299
-0.124081
-0.549169
-0.826005
-0.150734
0.921982
2.30752
-0.518793
1.23846
-0.641367
-0.0999318
-0.16458
-0.182824
0.438594
0.411725
0.354012
0.0270895
-1.94552
-0.995597
2.61377
1.10365
-1.65232
-1.04894
0.610635
-0.0709668
0.984032
-1.80039
-1.56758
-0.291727
-0.414064
-0.757618
-1.65097
-0.893689
0.785123
0.240277
-0.314229
-1.49256
-0.852093
0.648475
-0.843257
0.341621
-0.353868
0.181421
1.2535
-1.59782
-0.435176
0.798659
0.529598
2.05382
-0.567586
-1.92635
-0.170342
-0.371722
-1.55015
2.45431
0.483737
0.449344
-0.372809
0.423599
1.14207
0.552507
-1.04797
0.327654
-1.16685
-1.9619
0.0204075
-1.30728
0.680706
-2.43145
0.431836
-0.762253
-0.183766
-1.29854
-0.157072
1.55434
0.304995
-0.330872
0.308507
-1.96871
0.265014
0.000890768
0.780808
-0.259685
-0.547576
-0.0196352
1.09053
-1.77836
-0.308201
0.47947
-0.714554
-0.629092
1.98035
0.441103
0.90175
0.455718
-1.4035
0.845401
1.17768
0.354628
0.0627779
0.661403
1.2613
0.56908
-0.427333
-1.26705
0.890985
-0.758902
1.33618
-0.891128
0.306093
-1.60593
-0.0509133
0.401021
-0.148174
0.562471
0.451478
0.845514
0.500908
-0.614404
-0.748777
1.52184
0.676041
-1.34049
0.509593
0.326221
0.120985
-0.320886
0.329985
0.234043
-1.74491
0.525227
0.67492
0.633617
-1.43784
0.937575
-0.905835
-0.234434
1.50095
-0.362024
-1.53808
0.257831
-0.561411
1.34109
0.406315
0.102119
-0.399659
-0.882553
0.239458
0.819362
0.353909
1.06911
2.85645
-0.821132
-0.127874
0.572797
-0.794111
0.281675
-0.340588
0.608412
0.592536
-1.36891
-0.520224
0.734861
-0.621286
0.428498
0.0430367
2.16872
-2.23192
-0.634302
-0.136587
-1.73753
1.28107
0.0179122
0.504853
0.189945
-0.143241
0.918171
0.483546
-1.95629
-1.04233
0.290352
0.223621
1.30655
-1.43291
-2.47243
0.0694029
0.218163
-0.322456
1.92129
-0.752254
-1.58957
1.12713
-0.0806342
-0.606562
-1.2826
0.913477
-1.39294
0.956958
-1.81241
-1.28632
0.41057
-0.684747
-0.508559
-0.708256
0.238102
1.42212
-1.48447
0.22373
-0.526167
0.681487
0.687462
0.403551
1.11626
1.08667
0.225148
-0.320181
-2.66213
-1.38615
-0.709576
0.761699
-0.850659
0.301601
1.20387
0.10867
0.401184
-0.950368
0.0026808
0.128255
2.14867
1.3948
-0.0335375
0.567455
0.330369
-1.00453
-0.152886
0.553431
0.835261
2.31289
-1.04316
0.976994
1.22694
-0.0327141
0.918502
-0.801215
-0.268132
-1.64363
-0.466016
-1.78193
0.713034
0.675873
0.0826763
-1.59692
-0.391056
-1.46427
1.05769
-1.21452
0.122381
0.325547
1.46241
1.0069
-0.797532
1.20558
1.75236
1.0636
-1.61289
-2.06001
0.0217118
-0.70445
-0.941838
-2.59218
0.549805
-1.13979
-0.605161
1.46418
1.09701
1.23434
0.478332
-0.192169
-0.00994151
-1.41956
0.527409
0.380106
1.88841
1.20337
0.106409
-0.610709
0.229894
-0.698415
-0.917835
1.25737
0.176699
0.834981
0.400993
-0.962258
0.112938
1.16215
-0.372513
2.13576
-1.22955
-0.70798
0.340402
0.430647
0.736796
0.0533259
-1.11649
0.0317957
1.01415
-0.325107
0.895838
2.26456
-0.0698832
-1.22028
-0.299629
-1.32236
-0.418353
0.623145
1.29362
-1.42421
0.647177
1.40777
-1.32418
1.3328
-0.0777862
0.0986092
1.19649
0.749467
-0.369911
1.42602
-0.215489
0.463637
0.653318
-0.673216
-0.886516
-0.00291635
-0.872125
-1.06492
-0.443894
-0.361191
-0.247062
1.06114
-0.415547
1.26898
0.392356
2.16386
-0.167796
1.0282
0.0761973
0.569402
-0.72855
0.0434047
0.118877
0.763375
-1.07348
-2.01999
-1.77107
0.559612
0.557585
-0.731464
0.957971
0.330735
0.676172
-0.152767
-0.748332
1.70352
-0.0850639
0.771953
1.50895
-1.52474
0.568899
0.309667
1.18142
-1.50664
0.299945
-0.39044
-0.0489453
-1.25281
0.454479
-2.52665
-0.507622
1.00216
-0.609574
-0.871791
-1.14031
0.357244
-0.236358
-0.894175
-1.16033
-0.319764
-2.25282
2.2035
0.457322
0.437407
0.9741
-1.28598
0.852626
-0.226865
-0.157785
1.06303
-1.0537
-0.544664
2.61963
0.848298
-0.448618
1.29432
-0.589541
0.42195
0.591289
0.871165
-0.724071
0.492767
0.531236
-0.809694
0.743549
1.38542
1.74905
0.591606
0.985916
-0.59414
-0.638085
0.500143
1.01239
-0.377929
1.22809
0.102277
0.53529
-1.30658
-0.803111
0.181882
1.4024
-0.178487
-0.769552
-1.81577
0.891954
-1.73723
1.18964
-0.0902355
0.66713
0.754835
0.331093
0.850483
-0.169897
0.0297207
-0.391089
0.726986
-0.470514
1.15283
-1.38682
-0.72632
-0.287455
1.23468
-0.659194
-1.76566
1.33098
1.14423
1.47549
-0.607016
1.04463
-0.0299219
-1.44228
1.34128
-0.120983
-0.391655
1.76681
0.285941
-0.544446
-0.503165
-1.54091
-0.427715
-0.0984584
0.0662094
0.956388
-1.81214
0.479353
-0.298525
-0.386433
-0.591899
-1.36307
-0.596939
0.362591
1.50324
-0.175961
-0.164965
-0.0839069
1.22746
1.19724
0.270778
0.809541
1.87609
-0.531349
-0.180703
0.739853
-0.404214
-0.36509
0.165304
-0.0939985
-0.0613538
-1.03145
0.639358
-2.67707
-1.47248
0.828164
-1.97536
-0.25141
-0.879057
0.933152
-0.606779
-0.653495
-0.243552
0.187635
1.08025
-0.357462
-0.155882
-0.0927579
0.698466
0.960838
-2.95342
-0.734187
-0.199859
1.01384
-1.90698
0.205406
0.0958286
0.358281
-0.328368
0.923373
0.289899
-0.285535
-0.394778
0.991432
0.113031
-0.262898
-0.208154
1.11423
-1.65924
1.47419
1.49606
1.73016
-0.303508
-0.86003
1.27693
0.0917502
-0.178559
-1.74316
-0.171156
0.691239
0.910904
-1.58514
-0.887193
1.91763
-0.469133
-1.58251
1.10579
0.220717
-0.261968
-0.456266
-1.0235
-1.83804
-0.154595
0.0747236
0.0059754
0.771475
1.39407
1.45366
-1.15676
-1.03409
-2.01475
-1.11929
-0.190369
-0.44191
-0.688331
-1.37918
1.28972
-0.127183
1.16684
1.06507
0.276294
-1.58459
0.0897296
-0.588359
-1.74084
0.0455598
-0.77961
1.49346
1.02297
2.52742
-0.738027
0.086489
-0.357408
-0.319453
1.10634
-2.11637
-0.913941
0.148608
-0.298085
-1.6298
1.01401
0.0517135
-0.953904
-0.915976
-1.03938
0.665564
0.0577148
-1.08779
-0.708136
1.31321
0.253134
-0.975159
0.889188
0.270786
-0.607027
-1.21567
-0.396953
2.04317
1.48313
-1.28766
-0.111623
0.0550886
1.18346
0.138602
-0.198754
0.214274
-0.4877
-1.12527
0.60779
0.218827
0.28809
-0.699782
2.02112
1.76864
0.564061
0.661957
0.947027
-0.0748069
-0.224637
0.0506557
0.402874
1.43586
-0.703131
0.970646
-0.348618
0.409637
1.33967
-0.0397813
-0.0840589
1.19492
0.152302
0.385693
1.17898
-1.22198
-0.0385179
-0.0949616
0.337469
0.318524
1.10484
1.44677
-2.26838
-0.152915
-0.609087
-0.138614
-0.794159
-1.82496
-0.257072
-1.0491
0.474232
0.221542
-0.242872
-0.389679
-0.369208
0.255132
-0.488824
-0.214589
-0.627441
0.747017
0.774667
-0.821966
-1.87287
-0.489243
0.280046
0.0907393
1.01344
0.501261
0.37205
0.819987
-1.02278
1.17762
-1.84241
-0.279016
0.631163
0.400307
-0.941178
-0.166869
2.17812
-0.339821
-2.4281
-1.21354
1.43147
-0.0458713
1.74368
0.352974
-0.875228
-0.544497
0.34933
1.89564
-0.344143
1.81851
0.188472
0.479426
1.6153
0.51239
-1.59359
-1.43682
1.06148
-0.958414
0.348544
1.14203
1.28481
-0.0216379
-0.529328
0.977119
-1.13806
-3.0633
-0.637696
0.547836
-0.970993
-1.07419
-0.563945
-0.460213
0.897324
-0.0117639
0.299985
1.03209
0.0045761
0.269745
-0.565518
-0.154473
-0.202705
0.565834
0.19605
0.337978
0.790533
0.175199
-1.61275
0.502402
-2.66459
-0.373599
-1.05564
0.165588
-1.03498
-0.276233
-1.56394
-0.0601016
-0.127527
0.965335
0.29276
-0.411342
0.34246
-0.465138
-0.768652
-1.80412
-0.675954
-0.650577
0.100344
0.33797
0.387622
-0.0346682
-0.52826
-0.259321
0.853973
-1.75678
-1.62415
0.413253
-0.786812
1.00883
-0.78884
1.16592
1.5042
-2.14862
2.16564
0.621389
-0.483957
-0.264936
-0.398914
1.32598
0.409624
0.835956
0.497916
0.759767
0.274333
1.25179
0.906122
0.0226514
0.698931
-0.0674182
1.90529
-0.696288
-1.37472
-0.606673
1.54661
1.55746
-0.514852
1.10277
2.27085
-0.117281
-0.519113
0.701361
-0.442919
1.58169
0.915081
-0.741244
-0.170303
-1.78294
-0.976948
-0.307774
-2.29227
-0.998604
0.877441
0.18257
-0.701352
-1.62764
1.59387
0.552531
-1.6833
-2.34328
-0.685813
0.935164
-1.35207
-0.935546
0.411474
-1.07922
0.0958536
0.65354
1.55485
-1.69337
0.234279
1.18401
-0.0346635
1.28281
0.695053
-0.143405
-0.239296
0.0642176
1.53142
-0.361057
-0.445031
0.819564
0.725173
0.997852
-0.306906
1.14167
0.0196276
-1.56579
1.3497
-2.21892
-0.872316
-0.465981
-0.850216
0.530045
0.242709
-0.855266
-0.664613
1.22656
-0.024538
0.926703
0.868014
-0.712839
0.112759
-0.832209
-0.127057
-0.215905
-1.06058
-2.35642
0.37849
-1.45271
0.305079
-0.386506
0.834436
0.0523318
0.527747
0.314167
0.303479
-0.789156
-0.867017
0.678133
1.98215
0.871247
1.1351
0.90194
-1.41136
-1.19108
1.43915
-0.121676
-0.0706586
-0.317055
0.675046
0.413326
1.44516
0.0321296
-0.22272
-1.07706
-0.324255
0.90537
1.14523
0.496135
-1.20961
-0.565454
-0.176991
-0.275398
0.277253
-1.99474
0.229962
-0.011541
0.343543
0.439549
-0.801686
0.749045
0.742452
0.339711
-1.17763
-0.593603
0.0339782
-0.99906
0.511604
1.16552
-0.729077
0.305951
-0.257047
0.10831
-0.0025737
-0.510822
-0.79033
0.38365
-0.389327
0.674041
0.76854
-0.980492
-1.3488
-2.84169
-0.286832
-0.518951
0.647874
1.27602
0.207856
0.0933572
-0.33171
-0.121297
-0.00741859
-0.18336
0.365366
1.21607
2.53994
-0.938056
0.643289
2.37406
-1.01194
-0.0228985
-0.610089
-0.146619
0.46258
0.306901
0.266611
0.119342
1.28101
-0.542964
0.68653
-1.51816
-0.66687
0.175043
0.0647575
1.05637
-0.636717
-1.83021
0.0512018
-1.03895
1.27894
-1.56967
-0.505771
-1.13599
1.47489
0.151306
1.17723
0.636953
0.521526
-1.87689
-0.828603
-1.18029
0.446311
1.52363
0.188007
-0.642238
-0.440252
0.625354
-0.777098
-0.236131
2.24382
2.54332
0.824991
-1.68373
0.238568
-0.162161
0.159815
-1.79449
-0.195016
0.18052
2.62283
0.203834
0.459725
1.83017
-0.601253
1.30385
0.685486
0.690335
0.631815
-0.458992
-1.02529
0.505664
-1.40345
1.37196
0.0693616
-0.246007
-0.512908
0.372569
0.311787
-1.39948
-1.12053
1.22541
0.814218
1.41935
0.179763
-0.00285951
1.18621
0.767531
-0.0697552
-0.540357
-1.2316
-0.774325
-0.930942
0.474717
-0.0224783
-1.43959
-1.50669
-0.0031624
1.372
-0.730859
0.817312
-1.80252
-1.08524
1.20344
-0.963892
1.02192
0.0722805
-0.211985
1.49594
-1.21555
0.917031
-0.536812
0.97555
-0.0964377
-1.70357
1.53313
0.150306
-0.820174
-1.55951
-0.242967
-0.368198
-0.312976
0.0108708
1.80213
1.35837
0.193536
1.18289
0.518792
0.994748
-0.131957
-0.128955
0.495495
0.322301
1.56393
0.801757
0.538357
-0.360863
0.440624
1.24065
0.0701474
-1.46918
1.92796
-1.20397
0.226605
0.713235
1.12571
0.188365
0.182266
-1.62836
-0.513924
1.03211
-0.334526
-0.953122
0.527873
0.041201
-0.341321
0.502696
0.48867
-1.37682
-0.33932
-0.722931
1.60966
1.0541
1.46737
0.848301
-0.618134
-0.908842
0.522124
0.0371458
-1.06787
0.647976
1.24846
0.0238925
-0.652305
-1.53149
0.023617
0.829975
-1.58931
1.25578
0.442752
-1.18207
0.329255
-0.247224
0.658175
-0.37386
1.82157
-1.2465
0.582783
0.504202
-0.0790781
0.566007
1.79092
-1.15172
0.906865
-1.36014
0.884704
0.166615
-1.88844
-0.575519
-0.780867
0.981891
-0.311825
-1.63733
-0.729574
0.312675
-0.0567721
1.52176
-0.05164
-0.00536749
-0.674512
-0.53399
1.0862
1.7572
-0.0936451
-1.41678
0.327859
0.342591
-1.6681
-0.537342
-2.45304
0.0121289
0.573451
1.0729
-1.90671
0.00220177
-0.694455
-0.432499
-0.451707
0.918336
0.753369
0.576962
0.922105
-0.221473
-1.14987
1.30748
-1.01925
0.489501
0.729271
-0.419458
-1.29072
-0.105456
0.357524
1.96464
0.561903
-0.594727
0.908741
-1.43511
-1.61923
-1.15919
0.366411
-2.02797
-0.253199
1.56063
-0.511456
-0.882473
0.329029
-0.72873
-0.0295448
-0.667161
0.539215
-0.231883
2.49017
0.313116
-0.563734
0.708026
0.988758
-0.241561
0.600503
0.597983
-0.454561
-0.941944
-0.391563
0.371589
-0.967222
-0.430167
0.574074
0.14161
1.06981
0.518837
0.0808447
0.278174
0.179971
-0.492951
0.33116
0.851489
-1.15094
1.04129
-1.50291
1.52545
0.614232
0.266999
-1.04546
-1.76124
0.650859
-0.72812
0.160879
0.1243
0.605285
1.08985
-0.970932
-1.01909
-2.18834
1.40139
1.59352
2.33428
-0.222295
0.370563
-0.625995
-0.451341
1.1719
0.36407
0.348367
-0.225603
0.0696227
0.920257
0.996248
0.828955
-1.20465
-0.359849
-0.611744
1.87873
0.904018
-1.25516
-0.294172
-0.542281
-0.994898
0.319476
-0.608299
2.09071
0.383172
0.607621
2.21951
-1.14462
-1.23521
0.661635
-0.680816
-0.240793
-0.0424239
-0.0573467
-0.265966
-1.07297
0.440304
1.24568
-0.676975
0.502963
0.88384
1.21315
-1.01288
-0.761388
-0.715627
0.943223
1.10309
-1.26155
-0.63373
1.35656
-0.90769
0.0915348
-0.753677
2.54583
-0.847874
-1.58902
1.23212
-0.386158
0.746542
0.59978
1.13336
-0.0037463
0.709094
-0.550631
-2.92623
-0.158305
-2.12812
0.254939
0.946324
0.0363357
-1.42115
-1.12095
-0.793773
0.104999
0.546681
-0.372855
2.51666
-0.455217
-0.52962
-1.01277
-0.770272
-0.136999
0.452956
1.1875
1.08758
-0.0462935
-1.14469
0.977967
-1.6184
-1.28819
0.672462
0.165314
-0.528529
-0.711404
-0.029994
-0.927167
0.717835
-0.110927
-0.57637
-0.749684
0.536783
-0.182226
-0.167527
-1.16089
-1.77716
-0.587355
0.600127
1.7795
-1.45727
0.162147
-0.431702
-1.14491
0.0628127
0.205981
0.738012
0.286742
-0.861648
0.492818
-0.860132
0.191537
0.802247
0.652543
0.141905
-0.429744
0.0505683
-0.790119
1.39925
-1.68316
0.14699
-1.31212
1.07009
0.646862
-0.130048
0.933398
-0.767487
0.140622
-1.11639
-0.741318
0.494072
0.387635
0.130757
0.894801
0.925998
1.43693
0.242923
0.981499
0.60489
-2.46909
0.180331
-0.0556492
1.01033
0.789099
0.11186
-0.362748
0.975701
0.658843
0.144017
1.08249
-0.874494
0.44831
-0.137533
-0.0791109
-0.50773
0.288329
0.367343
-0.476896
2.19369
-2.03609
0.495091
0.829238
-1.48357
0.327475
0.56342
0.291579
0.778324
1.98162
-0.553297
0.925304
1.12797
-0.494019
-0.289317
0.967497
-0.487742
0.833527
0.85124
-1.07412
0.796648
-0.31863
-0.384715
-2.67368
-0.0982999
-0.907341
-0.419185
0.725797
-1.26194
0.12989
-0.703828
2.51997
-0.335162
-0.407686
0.810968
-0.219377
1.26716
-2.12643
0.455934
1.17653
-1.09063
-2.04818
-0.0667509
-2.11697
0.639651
0.535498
-1.07557
-0.228537
0.529241
0.24295
-1.42731
0.782178
0.872757
-0.267185
-0.290149
1.43722
-0.589686
-0.881345
-0.644755
-0.279269
1.21928
0.130267
2.67952
1.42091
-1.05394
-0.294771
-0.40169
-2.0716
0.383409
-0.862224
1.51472
1.71598
-0.465089
-0.597262
-1.49726
0.0960369
-0.587556
0.4211
0.204689
0.179331
-1.19302
0.29154
-0.448216
1.17262
0.0744924
-0.252573
1.4727
-0.641272
-0.459151
1.63413
-0.440474
0.837876
0.103226
-0.349549
2.3748
1.06305
-0.963419
0.953698
-1.39597
-0.116203
1.50796
-0.140589
1.32465
0.996944
0.992899
0.45335
-0.0285396
1.60466
-1.01836
1.05284
-0.249751
-0.879136
0.118636
-0.447932
1.12938
-0.0500575
-0.127066
-1.18457
-1.35368
-0.685836
0.097614
0.831245
-0.37197
-0.803103
0.0211356
1.43679
1.35444
-1.4351
-1.44434
-0.36631
2.33841
-0.233952
0.455268
-0.469196
0.553897
0.322956
1.45365
2.66214
1.39964
-0.940874
-0.343919
-1.00782
1.27925
-0.114392
0.114005
0.20233
-0.364917
-0.925327
0.244089
-1.10291
-0.173274
1.31723
-0.147512
0.481767
0.79129
0.0413242
-0.265182
1.86738
1.74615
0.395248
-0.60747
-0.0412842
1.3182
0.142287
-1.09181
-0.972162
-0.162872
0.538392
-1.28862
0.760754
-0.0874881
-2.04273
-0.510573
-0.726899
-0.817254
0.895677
-1.14593
0.269115
0.390092
-1.14942
0.883918
0.717543
0.547286
2.3074
0.180615
-0.322156
0.0972742
-1.04283
-0.372345
-0.776994
-1.47038
1.19641
-1.86423
-0.936901
-1.14504
-0.392285
-0.629542
0.263057
-1.50204
0.885724
-0.397128
0.712772
0.763024
1.69026
1.07717
0.383656
0.159338
0.662007
0.29104
-0.861507
-1.07958
0.28237
-0.577879
0.178483
-0.589677
-0.717468
1.35652
0.718205
0.61039
0.667784
-1.39733
-0.0317315
-0.107694
-0.570083
0.598586
1.04787
-1.61885
-0.541447
0.0642959
-0.628872
0.62997
0.0337042
-0.971097
-0.723816
1.89468
-1.19267
0.429078
-0.882141
0.284889
0.829144
1.01278
-2.52475
-2.08583
1.91898
0.286796
0.889392
0.293861
-0.11606
1.03264
1.61489
-0.299979
0.555372
1.78902
0.24052
-0.719377
1.16115
1.41709
-0.818277
-0.164755
1.07131
1.57245
-0.531171
0.261264
0.625917
0.215419
1.02822
0.250156
0.411593
0.150649
0.582718
-3.60135
0.402712
-0.0817819
-0.133799
-2.18937
-0.0338224
-0.59108
-0.363163
-0.0414729
0.590333
-0.52167
0.0488167
-0.235035
0.557097
0.559647
0.426359
-2.89796
0.951369
1.06475
-0.718576
-0.272979
-1.00166
0.335595
-0.114452
-0.019518
-1.31177
0.294522
1.50482
-1.34121
1.69965
0.649509
-0.351883
-1.77393
-1.91957
-0.71291
0.151439
-1.11527
0.0137425
0.777859
1.40969
1.37539
0.339678
0.299135
-0.742669
-0.290987
0.698756
1.22513
0.283474
0.770638
-0.357883
1.4406
0.782127
-0.0983276
-0.633376
-0.894856
-0.358892
-0.782169
-0.852354
-1.01182
0.432823
-0.96903
-0.765014
1.56486
-0.824779
1.11534
0.181047
-1.71298
0.246666
1.43221
-1.6085
0.285403
-0.0991479
0.766684
0.693576
-0.766223
0.382268
-0.539402
-1.08103
0.397745
-0.249587
-0.853285
1.48468
-0.114708
0.558079
-1.44475
0.177183
1.23451
0.386597
0.746952
0.764517
0.489869
-0.985332
0.853654
1.51007
0.249061
-1.12901
-0.265319
0.326905
-0.619756
-1.02217
0.153854
-0.0504556
-0.901779
1.62203
0.543632
0.213411
-1.45811
0.428975
0.357061
-0.332778
-0.894749
-0.764028
0.614551
1.78976
-0.10053
-2.81227
-0.775316
1.05001
-1.40678
-0.456593
0.926091
1.30842
0.378349
-0.956352
-0.119248
0.324467
2.21399
-0.904856
-1.871
0.390912
1.64754
0.340605
1.62984
-0.533863
-0.667362
-1.49543
-0.396661
-0.441072
-0.0551629
-0.225939
0.799698
-0.480129
0.524391
0.193385
0.199501
-0.449928
0.423586
-0.180489
-0.544262
0.617534
0.894613
0.31189
-0.337501
-1.87629
-0.666202
1.61983
-0.407811
-0.979704
-0.255542
1.20392
1.07876
0.806382
-0.451438
-0.0127237
0.554347
1.16056
-1.21297
0.012089
1.29039
-1.40883
0.861695
0.408338
-0.469709
1.11964
-0.0388505
0.912622
0.596092
0.470752
2.18348
0.274621
-0.410575
-0.0485795
-3.14596
0.721859
-0.753081
-0.60266
0.0622083
1.48414
-0.188442
0.389944
-0.699062
0.181704
-1.65989
0.570426
0.0864438
-0.134023
-0.232503
-2.14544
0.518472
0.767732
0.700329
0.896817
1.0366
-0.444637
-1.2733
-0.532069
-0.761338
-1.62603
0.638574
-1.13659
1.81535
0.0442194
-0.235468
-0.915127
-1.15236
0.468408
-0.0973767
0.394029
-1.04859
0.136441
-0.18958
-0.0520984
0.625746
0.418744
-2.71334
-0.163158
-1.51855
0.65181
0.672128
0.716258
-0.400003
-0.392228
1.11788
-1.2364
0.16555
0.318218
0.0789306
-2.24475
0.28864
1.49875
-1.47398
0.116159
-0.275302
0.307011
-0.567766
1.04812
-1.08194
-0.223225
0.897662
2.27548
-0.033264
0.554263
-1.1371
0.860178
0.729766
0.77861
-0.089869
-0.509938
-0.35624
0.744531
0.491433
-0.00578732
1.04694
0.0477024
1.43739
-1.01586
-1.42207
-0.283461
-0.570842
0.467244
0.362181
-0.760418
-2.00076
0.110702
-2.28421
-0.296638
-1.19608
0.0865775
1.59411
0.649573
-0.722641
0.471044
0.136114
-0.319246
0.339086
-0.122557
0.39746
-0.161596
-0.615261
-0.404631
-0.30263
2.71457
-0.171023
0.65154
-1.02743
-0.403279
1.59091
2.15983
-0.0818695
-2.15296
-1.09854
-0.883383
2.33916
1.72546
-0.39211
-0.378643
0.288217
-0.022955
-0.775773
-0.162902
-1.01825
0.65248
0.628882
-0.497887
-0.602934
-0.926723
0.715564
0.526794
0.492939
0.0184728
1.34355
-0.0250943
1.07973
0.898494
-0.900646
-2.21441
0.0297013
-1.29105
-1.12526
-0.238175
-0.467888
0.884522
1.11396
0.852368
1.16029
-0.671248
2.232
1.50123
0.826184
0.743014
1.27006
-1.18342
-0.650355
-1.28053
-0.0552644
1.14579
-0.529855
-0.31146
0.335429
-0.0300302
-0.288928
-1.21163
0.202267
0.464973
1.38108
-1.6378
-0.856773
2.55581
-0.343684
-0.894302
0.50592
-0.61903
-0.280214
-0.189529
-0.732973
1.33362
-0.895056
-1.00441
-1.9598
-0.321786
-0.510097
-0.39807
1.79641
-1.09709
0.0245889
2.04801
-1.06303
0.871828
-0.114289
0.00436836
0.412055
0.671863
0.586551
0.925223
1.23933
-2.67724
0.577722
0.20526
2.06681
0.288618
-0.757763
1.31296
0.652086
-1.94341
0.363039
-2.02986
1.04282
-0.763828
-0.692593
-0.177999
-0.549527
-0.407018
-0.270997
1.65321
-0.585744
0.65335
-1.08576
0.268932
1.1477
-2.39726
-0.318453
-0.0811616
0.558863
0.691412
0.0508501
-0.376411
-0.86047
1.80076
-1.37485
1.14967
-1.05719
-1.25072
-1.02716
-0.597212
0.23988
0.375809
0.0466932
-0.270175
1.00756
-0.257292
-0.538057
1.71091
-0.750168
-0.93631
0.560183
-1.25853
-0.513442
-0.485854
1.76663
0.351032
1.23216
0.104987
-0.630387
0.710467
-0.775227
-0.817037
0.0941201
-0.207956
-0.00950182
1.78418
1.65896
-0.238193
-0.114875
1.21047
-0.416526
-0.0496007
-0.800798
-0.98288
-0.467257
0.141428
-1.52909
-1.04473
0.462394
1.55078
1.82643
0.0351616
1.17811
-0.621017
0.0647595
2.3319
-2.2997
-0.563165
0.509712
-0.137789
-0.620066
-0.414534
-1.59677
0.815796
1.7252
-1.23091
0.981299
0.166729
2.86619
-0.242432
-1.7436
-0.421549
-0.0596714
-0.103906
0.573387
-0.833218
-0.622397
-0.0505727
2.19777
-2.28101
0.441271
-0.625219
0.525004
-1.73253
0.81586
0.836302
1.55187
-0.996469
-0.397507
1.16757
1.96172
0.274729
1.36059
2.52979
-1.19025
0.54367
0.592104
0.385694
0.118086
0.703449
0.0974194
1.791
-0.380526
-0.03379
-0.339491
-0.914218
0.453437
1.37613
-0.628748
1.58505
0.879149
0.857096
-0.752059
0.0321483
1.47425
-0.445396
0.920806
-0.79931
0.226559
0.39974
-0.0711672
-0.466976
-0.421987
0.16604
-0.292014
-1.15357
0.778496
-0.575015
1.62845
0.673221
0.26367
-2.00191
0.382262
-1.89639
1.13779
1.14421
-1.01606
-0.14403
-0.954871
-1.19284
-0.169001
-0.235961
0.315133
-2.29727
1.56961
-1.01555
-0.905652
-0.787733
-1.00371
-1.1814
0.82664
-0.53122
-1.77219
0.0829108
0.0781108
-0.41081
-0.895581
0.510267
0.450209
-2.86272
1.96123
-0.232132
0.30611
-0.805981
2.25392
0.53484
0.278946
0.835156
1.14074
0.53796
-0.752967
-0.069189
-0.832577
0.920116
-0.281059
0.454058
-0.697596
0.107893
0.644748
-0.162485
-0.27145
-0.00127234
1.54634
0.998392
0.676385
0.501641
0.157028
0.879604
1.96271
0.716317
0.0410683
1.57956
0.142571
0.477496
3.40464
0.621463
-1.94786
-0.333822
-1.06878
-0.0317727
-1.85483
0.0195684
1.72299
-1.2618
-1.06311
0.775039
0.357969
-0.223345
0.0279116
0.208061
0.255245
1.01409
-0.00579352
-0.0411335
2.42435
-0.463016
0.564203
0.0926441
0.894722
-0.202938
0.611553
-0.0738988
-2.04019
-0.0755984
1.0924
-0.263033
0.0250368
-0.109742
0.469813
0.0993751
-1.11474
-0.643817
0.940091
-0.580147
-0.338316
-0.0912679
-0.0569747
-1.13024
-0.587384
0.318199
-0.294791
-0.523862
-1.95879
0.962121
0.301915
0.0962263
-0.936249
-1.32677
-0.0245149
-0.854434
0.502995
0.626703
0.574009
0.44455
-0.347981
-0.350429
0.754031
0.42315
-0.554783
-0.567569
-0.317664
1.37525
-1.11201
-1.4093
-0.390981
0.456721
-1.71417
-1.8385
1.34713
0.0404126
-0.172419
-1.5123
1.07845
1.19682
-0.749694
-1.32277
-0.437267
0.532784
0.344013
-0.477915
-2.14591
-1.19998
-0.720951
-0.106838
1.39607
-2.15628
0.237636
-0.483815
0.509803
0.15
-2.04688
1.96822
1.30663
0.0297025
-1.05685
-0.118437
-0.602154
0.78518
0.457247
-1.02154
-0.131636
-0.559422
0.879437
-0.657613
1.41708
1.18077
2.14791
-0.269497
0.610301
-0.0485013
-0.142821
1.00228
-1.16546
0.852521
0.18143
-1.55834
-0.170533
-1.93723
-0.0424421
-0.844033
-0.408045
0.147705
0.631236
0.0210572
0.794015
-0.0546787
-0.892885
-0.14552
-0.45766
-2.58282
-0.187448
0.604656
-0.963457
-1.45546
-0.902951
-0.398725
-0.215705
1.51803
1.82349
-0.58897
0.24933
-0.136803
1.75021
1.54736
0.321331
-0.332621
1.3508
1.40574
1.10163
-0.22001
-0.0450808
1.2057
0.257297
1.10711
1.2434
0.787864
-0.436335
-0.613706
-0.596606
0.63133
-0.803034
-0.172976
0.8521
-1.05442
-0.278754
-0.68057
0.754319
1.45909
-0.77427
0.00760624
0.623578
-0.452741
-0.0911578
-1.36831
-1.1085
-0.363483
1.2374
-0.980301
-1.08352
0.435112
0.0783453
-0.341261
0.330019
0.206941
0.337465
0.0585148
0.959686
-0.46023
-0.661732
0.63688
0.19973
1.11434
-0.00176959
0.450752
0.872058
-0.800667
0.679795
0.85597
0.83229
0.89211
-1.33195
-0.257182
-1.26058
0.915784
-0.605197
0.679283
0.132639
-0.221292
1.47425
-1.25983
1.97051
0.0561833
-1.42766
1.18492
-0.375831
0.0527248
-3.02281
1.13625
0.00821
0.633391
-0.108376
0.811769
0.710652
1.40236
-0.639504
0.638096
-1.30066
0.554275
0.844557
0.313174
0.483768
-0.875902
-1.36022
-0.721033
0.0376976
1.16115
-0.246843
0.818108
-0.267215
0.711201
0.49385
1.69742
-0.482313
0.13454
0.0643782
1.53938
-0.477185
-0.307116
0.209851
-0.757127
1.38214
-1.08975
-0.796932
-1.22769
-1.58896
0.885144
0.851023
-0.972036
0.430411
-1.24714
-0.0781193
0.869607
0.0642682
0.10754
1.80383
1.29717
0.385345
-0.352708
-0.992427
0.015376
-1.49953
0.455354
-0.621204
1.15273
0.957629
0.621866
-0.497355
-0.00536698
0.719427
0.0571898
0.688227
-0.62906
1.33127
-0.443972
-1.30473
-0.88531
1.46758
0.681142
-1.03052
1.32745
0.676976
0.345528
0.90237
-0.442302
1.06835
-0.0847765
-0.0323558
-0.178224
-0.614987
0.52076
1.02527
-0.491924
1.03455
-1.10257
1.18033
1.09443
0.706678
-0.203647
-0.256746
-1.24012
1.32631
-0.721428
0.370797
2.00121
0.259198
0.202828
0.142239
1.37223
0.247052
0.208294
0.530285
-0.0180878
0.457398
-0.894192
1.03221
-1.46017
0.015764
-0.984387
-0.858596
-0.995222
-0.814535
2.17948
-0.0861135
-0.433165
-0.0755957
-0.644775
0.509493
-0.562281
0.414977
-0.938149
-1.14651
0.065001
0.461047
-0.836399
-1.60219
-0.512067
0.39613
-0.408789
1.50945
0.903605
0.26104
1.0592
-0.816924
-0.765452
-1.96747
-1.28455
-0.221616
-0.334455
-0.326815
1.44535
-0.574035
-0.88894
1.16
-0.710171
0.710804
0.872583
0.550259
-0.225585
-0.197503
-0.447632
2.56674
-0.838243
0.548671
0.00733592
-0.0106814
-0.175622
1.10404
0.940357
-0.757069
0.393539
0.00100607
0.363067
-1.59429
0.684093
-1.00993
1.60534
0.883086
0.840519
-0.14928
1.6083
-1.79818
-0.0730959
0.760525
0.904477
0.0695111
0.517166
-1.5126
-1.02746
0.670846
-0.936553
-0.28412
0.172266
-0.715074
0.181325
0.406697
-0.915414
0.482821
0.748334
0.465653
-0.14796
1.40035
0.773317
-1.30372
1.12152
0.126329
-2.22798
0.809742
-1.58797
0.263023
-1.49237
1.74572
2.30946
-0.390141
0.636611
-0.779452
-0.854357
0.661661
-0.481947
1.21003
0.165412
-0.156144
-0.462143
-0.648793
0.242606
-0.471933
-0.378295
1.9665
-1.1738
-0.434366
0.315947
-0.0188196
1.34724
-0.237519
-1.33698
-0.0459348
0.40168
1.14566
-0.0100448
0.79927
-0.35691
-1.58332
-1.58332
0.757984
-0.577643
-0.467544
-0.94146
0.0292224
0.015993
-0.432223
-0.927788
1.02933
1.16901
0.429688
-0.439481
-0.778699
0.0413915
0.1616
-0.772393
-0.00685855
-2.17176
0.0839614
0.353515
-0.267007
0.0532989
-2.04396
1.27455
-0.995905
-0.284605
1.14349
0.285959
-1.30022
0.57616
1.26273
-1.41778
-0.145289
-0.317771
0.973078
0.589401
-1.44454
0.754631
-1.63316
0.00929536
-0.256262
-1.29342
-0.426366
0.677961
0.177153
0.994206
0.12707
-2.11814
2.35823
-0.271241
-2.42034
0.611766
-1.26588
1.74391
-0.297096
-1.83018
0.880684
0.244072
-0.563171
1.71928
-0.86436
-0.166017
2.26373
1.24977
-0.347587
0.812207
-0.324529
