0.476973
-0.488816
-1.71502
-1.35821
0.621933
-0.578771
0.0834545
-1.12865
-0.688086
-0.39583
-0.278927
1.86605
0.66465
1.5036
1.21204
1.30627
-1.5648
-0.317353
-0.397634
0.797243
-0.970662
-0.836748
-0.505131
0.013327
-0.977978
-2.16724
0.569653
-0.565089
0.569701
-1.12356
-0.291964
0.0382517
0.455947
-0.584214
0.993222
0.921445
-0.295927
-0.611122
0.238372
-0.699479
0.602975
1.61573
-0.132621
-1.25638
0.675332
-0.930519
1.72105
0.0163111
0.354774
0.424678
-1.68725
-0.232654
-0.441286
-0.208846
0.664225
-0.217584
-0.818442
1.37128
-1.02411
-0.142585
1.57252
0.124062
-1.09019
-1.21201
0.416106
-0.809381
1.54219
0.858248
0.16684
0.728959
0.129187
-0.95307
0.0953423
0.233042
-1.8343
0.63852
-1.07054
-0.619769
0.261621
0.635289
-0.647682
1.21068
0.211626
0.417587
0.642128
0.883767
0.764086
1.08701
0.232796
0.62711
-0.966829
0.982232
-0.432788
-1.51649
-0.67293
0.508085
0.395254
-1.94874
2.46055
-1.90669
-0.799179
0.893025
1.6935
1.34206
-1.10243
0.223506
0.839903
-1.90783
0.710669
1.46655
-1.20511
0.219733
0.34824
0.0807898
-1.84383
-1.19429
-0.870074
-1.43225
-1.17347
0.104098
-1.91289
-0.543604
-0.44786
1.47574
-0.430539
-0.0217705
0.472114
-0.420804
-0.505043
0.165789
-0.534819
-0.320156
1.73476
1.1921
-1.86082
0.865571
0.105942
-0.348917
1.37322
-0.711513
0.866908
-1.15246
0.762736
-1.38263
-0.434256
-1.58249
-0.934282
1.52125
0.252983
-0.479491
-0.430207
-1.34503
1.21027
-0.987551
0.842615
-1.16418
-0.400514
-1.2712
-0.789882
-1.20536
-1.71521
0.943618
-0.135141
-0.43867
-0.983625
-0.540599
-0.861109
-0.532466
-1.04471
-0.260581
-0.330408
-0.330536
0.125926
-1.05794
0.593216
-0.659724
1.62674
-0.0301218
0.688931
-1.37144
0.985702
0.926101
1.40757
0.501852
0.396796
3.14462
-0.169073
-0.99999
0.336426
1.82947
1.83891
1.45566
-0.379855
1.44434
1.19466
0.462806
0.485839
1.12407
-2.63432
1.42287
-0.192685
0.435477
1.04229
0.133125
-0.734061
0.00540011
0.61477
0.621044
0.497612
0.66813
-0.0270678
0.327918
-0.459015
-0.202276
0.217374
0.418439
-0.807928
-0.231462
-0.592836
-1.85616
-1.44968
-0.403366
-0.782745
0.579858
-1.81154
0.822856
0.807376
1.54695
0.950817
-1.39114
0.662385
-0.589822
-0.723367
1.2628
0.502666
-0.0028362
2.3635
-0.68932
-0.776311
1.77447
1.36968
0.884609
0.310402
-0.297566
1.83924
1.57877
0.0648219
1.82278
0.259716
-1.20528
-1.81196
-0.898443
-0.567915
1.57979
0.671748
-0.596324
-1.10715
-0.729344
1.60672
0.935176
1.65458
-0.713873
-0.132171
0.623105
1.63942
-1.07355
-0.566269
1.39832
-0.435389
1.4749
-0.0529545
-0.194649
-0.863008
-1.17152
-0.444907
1.60882
1.4506
0.586007
-0.811211
-0.577311
-0.733336
-0.393359
-0.249017
0.723729
0.885006
-1.24896
-1.33755
0.290878
-1.2144
0.927255
0.751795
0.963791
0.898152
2.29215
0.445554
1.10547
0.592668
1.20656
0.425192
0.665845
0.139703
-0.276633
1.17419
-1.48955
-0.30436
0.147064
0.849422
1.69089
0.0954142
-0.217057
1.23799
-1.16253
1.25813
0.645293
-0.0571436
-1.40274
0.426799
-1.97663
0.894145
0.556371
1.04118
-1.35532
-0.0778989
-0.754155
-0.137038
0.706114
-1.90583
-0.0173712
-1.13281
2.13044
-1.5825
0.825236
0.50475
-0.60777
-0.161154
-0.628902
0.208079
-1.24556
0.739059
-1.44827
0.515744
-1.12884
1.56056
0.734673
1.09503
-0.53826
-0.299786
1.28097
-0.60981
0.576129
0.276482
1.29274
0.62423
0.978751
0.365149
0.671295
0.330181
0.97745
0.969091
1.25187
-0.821249
-0.295064
-0.989507
-1.04014
-0.747179
-1.12428
0.497708
-0.176075
0.506724
1.00484
-0.64066
0.897537
0.344891
-0.0234553
-0.790259
1.36443
1.38575
-0.131545
0.437795
1.97868
-0.62226
0.947244
-0.146541
-1.21065
-0.381779
-1.93592
0.186022
0.577422
1.07157
0.879915
-0.0752898
0.626784
-0.736998
0.594513
0.0744326
0.723272
-1.00925
1.68062
-0.189818
-0.192196
-1.28893
-0.599945
2.17144
-0.751213
0.29637
-0.537836
-0.35253
-0.847642
-0.606479
-1.19681
0.513473
0.0365751
-0.664662
-0.125262
-2.39259
0.120227
-0.57806
0.286308
0.615578
1.61807
0.98274
-0.697359
1.56558
-0.135879
-0.743615
0.804347
0.26687
-0.180305
0.677655
1.87243
-0.399772
-0.373458
-0.732866
1.45413
0.0869639
-0.241551
0.0664059
-1.44238
-1.42846
0.124445
-0.434545
-0.903297
0.151974
-1.19567
-0.759136
-0.539977
-0.951233
0.439469
0.959562
1.8612
0.730996
0.541957
0.696992
0.42638
-0.325918
-1.31803
0.248647
-0.0648889
0.629674
0.242756
0.0441412
-1.6825
-0.414529
1.78593
1.44157
-0.480637
-1.38181
-1.95168
1.02059
-0.270937
0.106549
-0.112608
-1.79432
0.850233
0.414
-1.68969
-1.21038
-1.92793
-0.341711
-0.585988
-0.250481
0.870879
0.233907
1.26297
0.770595
-1.05611
0.201374
1.39287
-0.161575
0.410572
-1.64828
0.475732
0.817093
-0.0329359
-0.116509
1.64977
0.448043
-0.734396
0.431493
-0.3214
-0.317225
-0.100351
1.6196
0.901683
0.816377
0.569147
-0.340431
0.502529
-0.661883
0.257977
-0.00667494
0.620714
3.12009
-1.74119
-1.12226
-1.97281
0.961741
-0.585117
-0.058167
0.453445
-0.134245
1.45221
-0.024011
-0.447792
-0.809372
-1.18625
-0.53655
0.393099
1.10874
0.421314
-2.75314
-0.779159
1.12366
0.470445
-1.30485
-0.609086
-0.410176
-0.0842294
-0.746013
-0.63356
0.841607
0.358223
1.41402
1.3059
0.410894
-0.0844875
0.41026
0.520155
-1.23993
0.031703
0.127701
-0.247101
-0.684805
0.0297575
-2.88884
1.34372
1.19103
-1.74473
0.337615
1.67081
-0.376024
-2.15033
-0.319478
-1.66995
-0.186644
-1.11312
-2.45918
-0.865977
-0.464648
-1.85462
1.10995
0.665418
2.47948
-0.0467352
1.97449
-0.155855
0.574298
-1.27008
-1.35828
-0.629918
0.955877
1.40452
-0.26864
-1.33897
2.28514
-0.293717
-2.26939
-0.412357
2.78247
0.305342
-0.75916
-0.193498
-1.6622
-1.01652
-0.883616
0.723141
-1.04422
1.05925
-0.0550204
-0.778943
0.658402
-0.17721
-0.419301
1.56602
-0.21537
0.819254
1.55256
-0.778854
1.25616
0.321872
-0.0409896
-0.561693
-2.07587
-0.313573
0.595244
-1.28159
0.5781
-1.19148
-0.284349
-1.27901
0.348769
0.514958
1.90822
-0.140012
1.23785
1.73032
0.186698
0.929746
2.08314
-1.91015
-1.10644
0.823438
-1.10749
0.145884
0.573636
0.938516
0.486536
-0.586221
-0.456637
1.01058
-0.3181
1.85151
0.814599
-0.748655
-1.20735
-0.0726567
-0.578108
0.695433
-1.42775
3.04739
0.837784
0.156292
0.291411
-0.286495
-0.00234811
0.456753
1.51016
0.703141
1.79201
0.467929
-0.219653
0.63874
-0.530251
1.32672
-0.611477
-1.88724
-0.502787
1.34782
-0.233942
0.656052
-0.723963
-1.02391
1.63778
1.26062
-0.24987
1.62724
-0.144183
-0.565483
-0.349347
-1.85897
0.148711
0.892791
-0.723197
-0.330444
-0.478137
-1.04199
0.0137107
0.189224
-0.0266326
0.446494
0.132582
-2.98193
1.16071
0.73185
0.317926
1.98567
-0.631138
0.149952
-1.10452
0.177317
-0.372292
1.00069
0.0670151
1.02491
-0.015991
1.20994
-0.302054
-0.0922129
0.208343
0.84029
-0.206935
-0.880867
1.33853
0.370479
-0.123163
1.2961
-0.126596
-0.884467
1.2803
0.716612
-1.13731
0.326831
-0.330153
-0.931592
1.26165
1.13543
1.34201
1.09566
0.255579
-1.30231
-0.284271
1.3674
0.770631
-1.1946
0.289014
0.680828
-0.537884
1.09612
1.34603
1.12674
0.419768
0.920066
1.20444
-1.96222
-0.0772642
1.13352
-0.907792
-0.000514296
-0.539482
-1.41148
0.274663
0.303766
0.0218252
1.7695
1.97915
-2.35991
1.802
1.49116
1.88766
-1.35277
0.10312
-0.413065
-0.113667
1.97965
0.792105
1.04225
-1.62209
0.555948
1.14373
0.124327
1.03635
-0.166562
0.0943155
-0.351225
0.917243
-1.64344
1.37806
-0.571009
-0.0370704
-1.17713
-0.628558
-1.50255
-1.31955
-0.860429
-1.33283
0.0500014
-0.22627
-1.6316
-0.622212
-1.24445
-0.833541
1.00929
-0.591101
-0.554852
-1.32109
-0.577364
0.139509
-0.646338
-0.633238
-0.322893
1.03865
0.840652
-1.12746
-1.12072
-0.529076
-0.862374
-2.05619
-0.552019
-0.822026
0.353086
0.811247
1.64265
-1.02021
0.381697
1.6421
1.13182
-0.423617
-1.84738
-1.65988
-1.18124
-0.379997
-0.0898108
-0.272895
-0.276638
0.277782
0.332699
0.684563
1.39057
-1.06778
0.425382
-0.629869
0.401421
0.0864201
0.322274
-0.845282
1.06975
-0.754528
-1.84512
-0.155882
-1.71241
0.975863
-0.25914
-0.441615
0.31991
0.129834
0.409796
1.4395
-0.141026
0.412981
-0.958921
-0.589
-0.978023
-1.23963
-0.557878
-0.162775
-0.284889
0.137348
-1.01045
0.548327
-1.78643
-0.35036
-1.64803
0.124784
-0.82247
1.5117
-0.498175
-0.248242
-1.23914
-0.63109
0.617736
0.993056
0.823425
-0.413221
-0.0773219
0.557973
0.921426
0.846414
-0.478251
0.924143
-0.665294
-0.913748
-0.298508
-0.292293
1.4378
0.290151
1.70924
1.03276
-0.708665
-1.81891
-0.287275
0.116323
-1.58134
0.169017
0.262286
-0.996374
1.27037
-1.21553
-0.110375
0.300134
0.852752
1.73709
-1.54047
-1.95364
1.75099
-0.913949
-0.646603
0.211482
1.11625
0.520103
1.63052
-0.647374
-1.62061
0.19689
-0.648378
0.349405
0.89722
0.00762992
0.337099
-1.7605
-1.87153
0.263118
0.0314871
-0.176823
-0.142037
0.260573
0.742776
0.137182
0.815978
0.269263
-1.26572
-0.0787598
0.417539
-0.160371
1.01929
0.802784
0.216946
-1.49786
-0.224335
0.445067
0.27132
0.343181
-0.0837625
-0.334292
-0.375362
-0.233122
-1.86042
-1.02432
0.817187
0.280483
1.51354
1.49989
-0.192114
-0.454254
0.0135118
-2.46199
0.392739
-0.292901
-0.212116
-0.450787
0.478247
0.372929
0.788382
0.645512
0.254762
-0.499977
-0.00279174
0.238223
-0.45689
-0.398524
1.14836
-0.0738734
2.02184
-1.72767
-0.709215
0.19871
-0.545138
-0.243245
1.12771
1.30173
0.62934
-0.971412
-0.550346
0.713247
0.398295
0.701872
1.05154
-0.132898
-0.428314
-0.278432
0.302517
1.51489
0.0112451
0.850277
-0.176459
0.147748
-1.62605
1.06434
2.39505
-2.06238
-0.213073
0.168398
-0.00996025
0.370958
-1.09601
0.802425
0.536208
-0.4348
0.327268
1.56374
-0.55266
-1.54804
-0.403593
-1.59572
0.0797795
0.699765
0.44338
-2.43857
0.413719
-0.545436
0.00169541
-0.907356
-0.838513
2.1251
-0.413439
-1.60002
-0.524518
-0.358253
-0.243433
-1.2392
-1.87693
0.574507
0.578108
1.22128
-0.164455
-1.0347
-0.655859
0.9789
0.174114
-0.898509
-1.25389
0.754573
-1.13753
-1.42114
-1.52177
-1.05858
-0.202929
-0.0660278
-0.380455
-0.0759181
0.816237
1.33657
-0.442878
0.278089
1.06385
-0.812244
-1.07834
-0.481871
1.18891
-0.52985
1.89537
0.313291
1.51791
-0.778172
0.35284
0.0286506
0.805739
-1.12585
0.207451
0.708845
-1.2691
1.35487
1.43981
-0.212724
-0.902293
0.268031
0.361404
0.127081
0.415634
1.58978
1.00472
-0.326904
-0.150859
-0.946552
-0.131546
-0.684602
0.0573352
1.46303
-0.833396
-1.00558
-1.37769
0.768693
-0.0218595
0.766384
-2.39129
-0.652191
-0.753567
-1.82
-0.119873
0.577302
-0.1632
-0.225853
-0.819831
-1.91415
1.03216
0.439766
0.552419
-0.765277
-1.50762
-1.37292
1.69856
-0.454849
0.00151773
-1.81456
-0.0680306
0.898248
-0.419247
-1.17602
0.30609
-0.54397
-0.113315
0.0468907
0.515706
-0.327624
-0.262926
-2.21947
0.92197
-0.127393
2.25411
-1.51164
-1.11548
-0.869716
-0.0577177
-1.32409
0.046887
-0.837101
1.72128
0.757507
0.41744
1.56622
-0.677129
-0.774839
-0.5837
-1.71612
0.797886
-0.605967
-0.516874
2.85213
0.338715
0.060495
0.917083
0.028457
0.0367496
-2.00708
0.693244
-0.0687323
-0.9421
-1.50886
1.04039
0.013032
0.504556
-0.0428796
-1.68517
1.60381
0.791789
-0.151709
-0.398652
0.296454
-1.26073
-0.731714
0.885862
0.275553
-2.08748
-0.688113
-1.35553
1.40347
0.622745
0.456166
0.973458
0.869575
0.512517
0.85512
0.278849
0.120346
-0.0389978
-0.573915
1.25325
-0.38834
0.4971
-0.8722
-0.665715
-0.692761
-0.909685
1.24938
-0.783056
0.683396
0.590182
-2.46963
1.33142
0.264565
0.459896
0.502046
0.177145
0.279539
0.458805
-1.41977
-2.68025
-0.0378042
-1.01665
-0.730108
0.826122
0.0653226
-0.352311
1.11411
0.915724
-0.417417
-0.785303
1.5391
-0.354477
0.0360204
-0.594125
-1.7275
-1.81342
-1.76625
-0.031297
0.830854
0.511065
-2.56869
0.586805
0.544116
1.94168
0.148227
0.710904
1.44139
-0.850662
-1.25891
-1.26067
-0.312839
-1.06593
1.57236
-0.347258
1.74049
2.18338
1.63606
-1.90331
-0.884684
-0.440437
-2.06734
-0.134453
0.518187
-0.222741
0.675348
0.905452
1.02263
0.495454
-0.212944
0.139394
-0.35096
-0.960454
1.25902
0.610208
-0.519523
-1.67117
0.473067
1.12119
1.16945
-1.14791
-0.477914
0.40146
0.571292
-0.361205
-1.13744
0.0387603
-0.0404168
-1.19308
1.21363
-1.04639
-0.266529
0.990495
0.765867
2.17026
1.2897
-1.05229
-0.585497
-2.21414
0.391199
-0.792142
-1.76629
-1.31399
-0.44499
-1.1289
-0.529614
-0.610656
2.05531
0.327469
1.34535
0.445913
-0.949214
0.0785434
0.100226
-0.290832
0.0170144
-3.06246
0.815917
0.819022
1.7227
2.42552
-1.86968
2.20529
-0.685454
-0.756055
0.830809
0.882768
-1.65301
1.26889
-0.694061
-1.21362
0.835687
-0.267971
-0.0696346
1.70317
0.856965
-1.38414
-1.34417
-0.0222486
1.89943
-0.178712
0.63952
1.45876
-0.705076
1.93545
-0.102863
0.976372
0.335104
-1.38
1.10566
-1.84748
-0.650596
-0.734781
-0.11105
0.467266
-0.960899
-0.183428
0.133711
-0.454919
1.19631
0.264359
-1.62709
-1.01631
0.166013
1.91636
-1.26997
0.544013
1.38515
-1.05983
1.05313
0.0747021
-0.576752
-0.904662
1.40573
0.365234
0.0738428
0.226941
-0.526487
-1.42748
-0.246611
-0.227609
0.877047
-0.622372
-0.264526
-0.111597
-0.786401
-0.394224
-1.18752
-0.887119
0.345083
0.732895
-0.53968
0.332273
-0.650735
0.0576714
-0.816145
0.680252
1.82394
-0.0351791
-0.669194
0.613377
1.03476
-0.397671
0.340262
-0.562841
1.10206
0.134664
0.550946
1.4172
0.717366
1.28622
1.73675
0.987568
-0.311685
0.101604
-0.930937
-0.82427
-0.67109
1.47853
-0.0555686
-1.29663
-0.107538
0.72911
0.170553
-0.800512
-1.08016
-2.50828
-0.64072
1.06065
1.41232
-0.0170716
-1.20967
-0.688638
-0.768276
1.95038
0.841322
0.198838
-0.528026
0.356271
-0.573535
0.288366
1.51304
0.676895
-0.955466
0.552993
-0.990223
-0.914824
1.58475
0.792414
-0.806955
0.761154
-0.796049
-0.11232
-0.391025
1.29346
-0.412823
-1.44595
0.1965
1.16067
0.495091
0.105675
-0.250743
-0.934193
-1.73771
-2.27874
0.463466
0.28077
-0.321335
1.62177
-1.54382
-0.533055
0.850558
0.317603
1.15913
0.302619
-0.900212
0.199281
0.929757
-0.422615
-0.133517
-0.193779
-0.876271
-0.0201186
0.947218
0.681821
-1.97592
-1.56969
1.16041
-0.253373
0.485693
0.53242
0.569488
-0.570072
-0.788048
2.75692
0.598308
1.23217
-1.91372
-0.264545
-0.839059
-0.198843
1.18955
-1.11322
-0.211485
-0.378866
0.4514
-1.36853
-2.6468
-1.08624
0.887239
0.27246
0.460834
-0.527491
0.245139
-0.710488
1.06342
0.689354
0.0384327
0.140524
0.709027
-0.401856
-0.802683
1.11363
0.129964
2.12017
-1.6384
-1.79325
0.0636834
0.484409
-0.346298
0.705284
-0.26205
-0.713826
1.72493
-0.965007
0.658579
-0.395891
-1.47778
-1.87822
-0.303613
0.828572
-0.135404
1.10596
-0.825289
0.191698
-0.676435
-0.94952
-0.0226776
-1.2294
0.294766
1.42593
0.840104
0.389566
0.34286
1.69003
1.00976
-0.0352359
-0.269895
-0.322521
-0.393662
1.24255
-0.380491
0.0767475
1.67416
-1.19259
1.5063
1.09291
-0.809995
0.0748236
-0.555626
-0.557603
0.475883
0.905646
2.41564
0.514284
2.26324
-1.01726
0.113518
-0.958304
-2.51358
-0.656728
0.543278
1.78917
0.554722
0.773304
-0.875543
2.20473
0.133499
0.708788
0.387353
-1.02643
-0.731069
0.0195101
-0.589378
0.792608
0.246428
1.19406
1.8244
0.079304
-2.28448
0.431521
-0.892787
0.141115
-0.346202
1.12572
1.12885
0.521764
0.0938097
1.81627
1.26982
-1.13358
1.39182
-1.09483
-0.0157042
1.6664
-0.519764
1.0255
0.326073
1.62629
0.12258
0.559333
-1.6443
-1.03188
-0.72623
1.78963
0.215685
-0.891189
0.19977
0.0875439
0.62673
-0.157117
-1.34575
1.9656
-1.07124
0.275972
-2.83183
0.693125
-0.896976
1.11682
-0.587833
0.762127
-1.78465
-1.75247
1.09047
-0.191839
-1.39661
-0.275195
-0.410046
-0.719943
-0.932648
-0.409507
0.567431
-0.23845
0.311707
-2.27519
-1.29602
0.554469
-0.355418
0.150874
1.25756
0.283735
1.53898
0.594069
-0.623146
0.778288
0.835521
0.236884
0.948086
-0.627172
1.31624
0.219661
-0.269178
-0.284761
0.593598
-0.446142
-0.469448
0.217251
3.60265
0.645784
-0.374284
1.36947
1.08188
1.18523
-0.202178
-0.502429
-0.336178
-0.736508
-1.00734
-1.64848
-1.19972
-0.47108
0.820358
0.094249
0.657393
0.921182
0.0700171
0.0544436
1.58051
0.298899
-0.34542
-0.295769
-0.0709686
-0.861478
0.39756
-0.217581
1.05069
0.536393
-0.583042
0.709217
-1.35811
-0.594761
0.730794
-1.77081
1.04302
-0.488558
0.297231
-0.29267
-0.0388111
1.38995
-1.80673
0.232599
0.655968
0.473456
0.158733
-1.34642
0.968759
0.138198
0.719074
0.691884
-0.338851
-1.39738
-1.27702
-0.520995
0.800533
1.69389
0.243494
-0.784646
-0.184481
-0.762635
-0.486276
-1.98707
-0.124829
0.516109
-0.947219
0.556373
1.28362
0.364112
-1.57444
-1.29227
0.931918
-0.347468
0.588418
1.30885
1.27426
-0.854387
-0.189899
-3.02022
0.100363
-0.48925
-0.585748
0.17742
0.294491
0.0371802
-0.921816
-0.304008
1.6205
-0.688132
-0.334256
-0.0868199
-0.0184726
0.532837
-0.264995
-0.461181
-0.793586
-0.9608
-1.29522
0.0979151
0.631347
-1.51356
0.732065
-0.246816
1.06805
-1.43081
0.206709
-0.398273
-0.795992
-1.12677
-0.612669
-1.72079
1.45414
-0.226427
1.21657
-0.457547
-0.319888
0.859709
0.522733
2.12006
0.924936
-0.128838
0.945665
0.80404
0.571748
0.504381
1.23834
-0.164949
-1.51115
-0.0861822
-0.0185554
-0.695995
0.833462
1.16975
2.4662
-1.0807
-0.0850526
0.430219
0.83827
0.464302
-0.120083
-1.00658
-0.906939
-1.38168
-0.453351
1.46947
0.0370623
-0.134174
-0.134543
-0.0863152
-0.364736
-0.112067
-0.541217
1.97621
0.733746
0.250762
-0.748115
-0.160334
-0.635865
1.45998
0.407089
1.06278
-0.183787
-0.597302
-1.58028
-1.51929
-0.303807
-1.33966
-0.00290846
0.0528657
-1.37867
-0.248979
-0.984557
-1.57385
0.0902011
0.949145
-0.00539964
0.154492
-0.363291
-1.85173
-0.622003
-0.440272
-2.31133
0.357112
0.299464
-1.67649
1.10713
-0.040864
-0.0804653
-1.31665
-0.980767
1.06135
-0.0242953
0.37124
0.483607
0.737439
1.71801
1.44614
-2.14972
-0.50916
-0.487573
-0.710512
2.06307
-0.850283
0.399877
0.516828
0.300631
-0.82393
-0.224131
-0.289732
0.640789
0.660116
1.34763
-0.562722
-1.37087
1.03615
0.811561
-0.141505
1.27504
-2.18603
-0.925817
-1.01399
0.800075
0.372255
-1.17652
0.543462
0.0779628
-0.445862
-1.1349
-0.802666
0.67525
-0.163967
0.47408
-0.483585
0.943843
-0.760046
0.400072
-1.25301
-1.57271
0.14914
0.699682
-0.105239
-1.37342
0.823407
1.84332
-1.422
-0.528241
-0.418519
1.16334
0.711085
-1.24457
-1.09124
0.158508
1.24659
1.0917
-0.169663
1.15226
-1.61905
1.6712
0.0496805
0.700165
1.32123
-1.43054
1.00095
0.278564
0.723876
-1.85051
-0.949069
2.00375
-0.872751
0.412643
-1.83333
-1.70861
-0.548676
1.10898
0.37643
0.915487
-1.28469
-1.67319
-0.961452
0.36306
0.517038
0.519559
-0.31013
0.408065
0.469154
0.682652
-0.866233
-0.00474537
0.323963
0.771075
-2.23619
-1.34529
-0.251624
-0.0251087
0.00127558
-0.363746
-0.143898
-0.637378
0.114375
0.493459
-1.3902
1.21166
0.628239
1.12585
-0.620209
-2.55329
1.0419
0.0216506
1.46849
-0.494892
2.55312
-0.580468
1.34565
0.988251
-0.35973
-0.753644
-1.40613
-0.0534292
0.42174
-0.595652
0.0417277
-0.230096
-0.361285
-0.113536
-0.762711
0.160195
-0.0400946
0.110403
-0.869316
0.980409
1.36664
0.0736846
0.777185
0.121953
-0.42841
-0.175732
1.52647
-0.677345
0.384326
-0.6132
-1.45321
-0.77391
-0.373373
0.548151
-0.0744889
0.8359
-0.117921
0.190663
-1.91995
2.12792
-0.0300663
0.355615
0.15002
0.382177
-0.831686
-1.85208
0.681681
1.03888
1.38996
0.0784047
1.76669
1.94535
1.3576
-2.09811
0.190162
0.837293
0.877464
0.447041
-1.19212
-2.61228
-0.219349
-0.287896
0.321664
0.198253
0.0278397
-0.134866
-0.0761148
-1.0797
1.14063
0.387384
0.150812
-0.964349
0.112642
-0.400199
-2.33487
0.265609
0.695199
0.912113
-0.430373
1.14107
-1.62722
-3.01648
0.517104
0.576171
0.451111
-1.00449
-1.07785
0.857976
1.94214
-0.152739
-1.45366
0.15588
-0.894447
-0.344726
-0.858384
-0.0418556
-0.43648
-0.0885748
-0.153724
-2.33736
-0.611669
-1.42575
-0.884958
-0.478092
-1.44867
0.198696
-1.19562
0.764435
-0.544952
-1.54231
-0.991499
2.01596
-1.33671
-0.37025
0.412056
0.402666
-0.899373
1.97112
1.40731
-0.772195
0.684688
0.808988
-0.453008
0.878339
-0.525521
-0.278019
-0.106556
-1.49683
-1.79882
-0.000567186
-1.53289
0.340895
2.4303
-0.0513219
0.978826
-0.447322
-0.269736
0.906354
-0.54739
-2.02054
-0.522408
-1.76104
-0.721365
0.45524
0.780486
1.12813
0.584326
-1.37381
-2.4597
-0.501099
0.787887
-0.144046
1.26384
-1.15658
-0.569608
1.76916
-1.51171
0.570634
-0.506377
-0.523211
-0.794278
1.21134
0.726935
-0.0798988
-1.17897
-0.31752
2.28179
-1.69094
0.543684
2.8108
0.233025
0.744644
-1.79646
2.17459
-0.492037
0.937539
0.48507
-1.08799
0.0272264
0.250916
-0.412713
0.0413962
2.30574
0.696876
-0.470531
0.50193
-0.140254
0.951518
1.09232
-0.233162
-1.16455
0.805016
0.691206
-0.179733
-1.1887
-0.413836
0.748998
0.439002
-0.0321924
-0.0932175
-0.698562
-0.14447
0.242975
-0.734841
0.66776
1.67687
0.378735
-0.953322
-0.725431
-1.25894
-0.812597
-0.270969
1.34444
0.710218
-0.834989
-1.45537
-2.12651
2.20436
-1.23227
0.125192
0.154678
-0.599307
0.740386
-1.18383
-0.532134
-0.0345263
-0.084822
1.46428
-0.454401
0.356474
-0.00140847
-0.278767
-0.316814
-0.522461
-0.340869
0.0485665
-0.611257
0.738215
-0.149703
-0.283456
1.39227
-0.0703353
-0.973413
-0.532119
-0.471306
2.48033
-0.448959
-0.508122
0.401028
-0.552691
0.537185
0.427674
2.28391
1.04152
-1.66284
0.0523266
0.474618
0.902354
1.01055
1.36567
1.00356
1.59389
1.02202
-1.03522
-0.286324
-0.625235
1.51519
-0.790012
0.00968559
1.09362
-0.0149571
1.09297
-0.31203
-0.945842
1.60655
-0.273867
-0.575061
1.45683
-0.432499
1.14942
-0.185084
0.14214
-0.824759
-0.946519
-1.52235
0.599368
-0.970491
2.30417
-0.596225
-0.219523
-1.05497
0.504715
-1.9114
0.988425
-0.947676
-0.603775
0.395305
-0.621919
-1.71067
0.0126575
2.18027
0.762581
0.211904
-0.408345
0.988084
-0.491862
-0.0281433
0.724696
-1.24402
-1.26535
0.845939
-2.49889
0.438772
0.226877
-3.29171
0.904386
0.562873
0.436959
-1.7519
-0.798302
-0.108081
0.58166
-1.033
0.99866
-1.70661
-0.730441
0.85701
0.65441
-1.42671
-0.393003
-1.1458
0.865465
-0.364932
-1.11395
-1.75648
2.24
0.395625
1.34097
0.693021
-1.9334
1.11858
-0.334277
-0.101938
0.0072151
1.68088
-0.0029675
0.830613
0.209782
0.337015
1.93673
0.420716
-0.147329
1.83321
-0.168933
0.602745
0.686217
-0.225081
-1.10528
0.0479486
1.73776
0.515931
0.869295
-1.85899
0.927631
-0.241009
-0.2705
0.306925
1.0659
0.203421
-0.241843
0.714527
-0.165798
-0.0978338
1.29743
1.68811
-0.453473
0.689821
-0.519027
0.0788264
-0.873287
1.39224
-0.0952378
-0.0531397
1.36384
1.43149
0.252117
1.02878
-1.35348
-0.263241
-0.732669
1.01368
2.12945
-0.883887
0.902017
-0.563749
0.42014
-0.061146
1.56642
1.14235
2.14355
-0.369229
-0.6598
-0.649838
0.459976
0.206116
-1.00509
-0.84173
-0.667837
0.1174
-0.29682
-0.552833
0.541601
0.193697
-0.181775
0.336522
-0.182987
-0.552017
-0.636689
-2.10339
2.09451
0.282775
-0.101708
0.0962112
-0.30769
1.66515
0.0391069
-0.598387
-0.642693
0.111118
-1.74459
0.870273
-0.798782
0.212795
0.172964
-0.505592
1.09917
1.11371
0.895903
-0.678629
-1.06651
1.35749
-0.878788
-0.321956
3.35787
-0.219744
0.935735
-0.0466771
0.676305
-1.99211
-0.52226
-0.234774
-0.860202
-0.219209
0.884902
-0.178163
-0.856598
-0.141592
1.60199
1.10115
0.488181
0.669858
0.863438
-0.161668
0.780749
1.1021
-0.453073
0.885794
1.41618
-0.576959
1.50442
0.671361
0.985308
1.4925
0.871917
0.819599
-2.41145
1.35969
0.786528
1.07481
-0.0758343
0.0968806
1.14301
-0.584193
-1.85628
-0.484741
0.0256697
0.277833
-0.203257
0.552496
0.537596
-0.298687
-1.40118
-1.49112
-0.955012
0.828979
-0.761119
0.619463
-0.250885
0.651594
-1.71475
1.57953
2.41427
2.07922
2.35478
-0.222206
1.97591
0.119562
-0.409053
1.16692
1.89335
-1.52691
0.393264
1.12533
-0.439492
1.16088
0.503754
0.998321
-0.675876
1.1622
0.559268
-1.24894
0.171329
-0.63431
-0.627822
1.7423
-0.273794
0.400491
0.0666639
-1.25231
-1.79179
-0.184723
0.0418552
1.09109
0.4307
-0.0569809
-1.41485
-0.471797
-1.21276
1.22509
0.813005
0.391368
0.70933
0.142304
0.0653897
0.993695
-0.835622
0.336493
-0.66106
-0.54096
-1.02188
-1.81237
1.5101
-0.697298
-1.58425
-0.680524
0.694955
-0.746007
-0.241723
-0.587134
-2.05396
-1.75525
-0.467329
-0.129454
-0.436635
-1.73617
0.143434
0.520209
1.24123
0.0427827
1.13074
-0.934495
1.3716
0.619318
-0.572361
-1.00723
-0.805033
1.70774
-0.784147
-0.0901283
0.181762
-0.0525606
-1.9571
-0.256498
0.927212
-0.739093
-0.829028
-0.909906
-0.360906
-1.36447
0.219434
0.125854
-0.0787299
-0.678896
-1.03666
1.96807
-1.78136
-0.325567
-2.37819
0.0501356
0.310677
0.236096
-0.314424
0.0252858
-0.315683
1.39118
0.510902
-0.924239
0.994072
-1.88061
0.0185538
-0.372569
1.21189
0.871401
-0.415643
0.49652
-0.233193
-0.623793
1.06741
0.0787575
0.166372
0.187359
-1.82406
0.131351
0.778669
-0.115907
1.88991
0.117616
-1.69039
-0.205266
1.51815
0.56908
1.3032
-1.52274
0.925715
-0.760282
1.60967
-0.605446
-0.376957
-0.763262
0.0727665
0.671163
-0.155436
-0.0114615
-2.74471
2.72815
1.54072
0.118282
0.127195
-0.236689
0.123658
1.57887
1.83542
0.05604
-2.12742
-0.731357
1.31392
-0.266313
-0.343658
1.10036
0.361115
-1.71089
0.759943
1.81078
-1.15233
0.429457
1.31592
0.103163
0.422601
-0.481936
1.51438
-0.660669
-0.216294
-2.32381
-1.41856
-1.70549
-0.181594
0.917163
1.06793
-0.800079
0.0495002
-1.67248
-1.28858
0.177781
0.795013
0.668683
0.968472
-0.52712
-0.842129
1.2521
0.520792
0.281764
-1.0015
-0.0793038
-0.108471
-0.170516
-0.708744
-0.418326
1.04535
-1.48347
-0.324655
0.176439
-0.20918
2.26848
1.18804
0.5885
-1.23248
-0.458524
0.214719
-0.0320327
-0.577894
-1.76043
0.620234
1.0741
-0.33259
-1.26796
-1.09037
-0.162299
-1.60506
-0.622644
-0.165525
-1.45455
1.39613
-1.57346
-2.63358
0.0470539
-0.0123916
0.2316
-0.127336
0.248072
0.0120573
-1.37419
-0.111864
-0.915186
0.206956
0.83728
0.262194
-0.254755
1.06208
0.500304
-0.611619
0.666983
0.163182
0.233939
1.33497
0.851654
-1.27139
0.878274
-0.344014
-0.92226
0.460133
-0.490081
0.170709
0.3328
1.39065
-0.558565
1.52338
-0.44562
-2.63361
-0.323838
0.80108
-1.44775
0.00141577
-1.61272
0.310866
0.879809
1.44971
-0.856748
1.03628
-0.439602
-1.88506
-1.88038
0.513703
0.190176
0.00510087
-1.22911
-0.123304
0.993969
0.706188
-1.23745
1.65406
1.29796
0.0800112
-0.181286
0.0720001
-0.293104
-0.319591
-1.15574
-0.467424
-0.479196
-0.840816
0.456695
-1.15171
0.145368
-0.759552
1.33912
1.88547
0.0398545
-0.661962
2.43852
-0.158045
0.157819
-1.4656
0.364749
0.081193
0.703834
0.117174
0.516595
1.52205
0.143845
-1.76655
-0.911817
-0.751831
-0.341173
1.12848
0.133934
-0.578691
0.469306
0.759232
-0.0495448
-0.0620949
-1.20611
-1.97414
-1.09041
0.316713
1.42438
1.43341
0.537295
-0.0490422
0.847393
1.06501
-1.01526
-1.00343
0.209038
-0.0404848
-0.571066
-0.302431
2.12907
-0.468679
0.699506
-0.0101323
-0.909187
-0.0580314
0.120468
-0.626746
0.218038
-0.332265
-1.04184
-1.37118
-0.404274
-0.866062
-0.329408
1.36934
-0.0105039
-0.334611
-0.369284
-1.32849
0.0950511
-0.723499
-0.37637
-0.244188
2.12753
-1.26925
0.732109
-0.171651
0.404618
0.570533
-0.722367
-0.281038
0.521331
0.855688
-0.68402
-0.0755109
0.59546
1.13373
-0.564309
0.0714236
0.950608
1.07142
0.354053
1.93387
-2.21841
0.763402
-0.489194
1.3877
0.975251
-1.42611
1.56871
-1.33479
-0.299902
-2.25588
0.0138654
-1.93014
0.0962724
0.666508
0.296205
-0.0535763
1.18465
3.21918
-0.577085
-0.692857
-0.749568
0.152993
-0.782713
0.587266
0.639359
-0.827773
0.567134
-1.40992
0.565077
-0.587223
0.591003
0.45694
1.96977
-0.0283527
0.12931
1.41344
-0.00242042
1.27567
0.0623379
0.489355
1.40955
-2.26365
-0.503277
0.996744
-1.19475
-1.94613
1.66887
1.02168
-0.156558
1.20453
-0.233532
-0.766792
-1.45094
0.332927
-1.40771
-0.396978
0.0225397
0.930838
1.21841
-1.07898
0.109388
-0.910485
0.903092
-1.49453
2.6277
-0.668452
1.17016
-2.02192
0.745324
-0.83138
0.755764
0.799019
0.302592
1.82137
-0.923324
2.05626
-0.180719
-0.241601
-0.249449
-0.199576
2.34665
-1.26906
0.0170926
-1.27842
-0.353096
2.37383
-0.282281
-0.39711
-0.363479
0.746501
0.13739
0.50398
-0.642429
1.80645
-0.540375
1.08272
-0.718979
-0.358356
0.380339
0.843284
-0.94996
0.075397
0.149889
0.341389
0.443295
0.357846
1.13337
0.606896
-0.866101
-1.89931
-0.156826
-0.801749
-0.707575
0.858463
2.52755
0.707881
-1.13369
-0.703281
-0.194297
-0.343648
2.11306
0.306395
0.914462
1.83404
-0.490081
3.26493
0.290859
-1.03361
0.693272
-0.99331
0.0196444
-0.163548
-1.02176
0.720448
0.575856
-0.59955
1.64333
-1.33568
0.445573
2.05144
0.1256
-0.507131
-1.52596
-0.112709
0.405659
-0.749367
0.573415
0.23823
-0.0417238
0.644494
0.729605
-0.17994
-0.72643
0.941472
-0.345314
-1.68542
0.108059
-0.423285
-0.706467
-1.52396
-0.983909
-0.377533
1.84564
0.270455
-0.110865
-0.535305
0.444466
0.508322
-1.72511
-0.411033
0.879673
-0.420203
0.489327
-0.983967
-0.197751
-1.03035
0.972031
-0.359083
-0.270201
-1.58708
-0.362454
0.602578
-0.0905484
1.25967
-0.0537703
0.0510741
-0.402257
1.10315
-0.250081
0.847327
-1.13351
-0.72413
-0.940975
-0.359111
-0.435645
1.28476
-0.6002
0.37749
-1.92979
-0.241866
-0.282263
-0.111477
-0.409768
2.61385
-2.93704
-0.771262
-0.764967
1.6274
-0.748951
-0.0908442
-0.75792
-0.220561
-0.267383
-0.0468252
0.132207
-0.229272
-0.247393
-0.0606747
-0.975906
1.58841
0.17668
2.07107
-0.341865
0.981207
-0.316758
1.8072
0.00624629
-0.613483
0.246084
0.283304
0.0379896
0.166898
1.33917
-0.944626
-1.18329
-0.510901
-0.527303
0.0336841
-0.936538
0.784044
-2.69056
1.06167
1.29305
-0.689608
-1.13392
-0.0836996
-1.45594
-2.83993
-0.754066
0.284649
0.311666
0.732913
1.16237
-1.81158
-0.676373
0.637371
-0.646688
-1.09955
-0.364742
0.512192
-0.926066
-0.630713
-2.57009
-1.81557
-0.134201
0.0430193
-0.0666371
1.69133
-0.791999
-3.07531
0.483667
-0.191124
-0.383597
0.613435
0.93667
1.18505
-0.632118
0.630849
0.752213
-0.0338784
-0.799833
-0.34387
-0.498987
-1.29306
0.714651
2.48153
1.09428
2.12352
-1.52268
-0.59485
1.23642
-1.48777
-0.0280538
0.750899
-0.125923
0.506755
0.771628
1.59936
0.11047
0.906572
-1.00066
1.77545
-0.112179
0.741185
0.461813
-1.31231
-1.18481
0.616105
1.79928
-0.231233
-0.582845
0.554266
0.113786
-1.5613
-0.588016
-1.55082
0.0115314
0.201619
1.22471
1.29307
-0.657523
0.30934
1.72029
-0.958118
2.02135
1.71054
0.918413
1.53084
1.21623
0.508944
0.834697
0.400176
0.867504
-2.06089
-0.355117
1.20493
-0.0721167
-3.03245
0.404058
1.79984
-1.31882
0.705948
-0.53309
1.4794
-0.964271
0.130078
-0.341126
1.35995
-0.760929
-0.167954
-0.515359
1.8004
0.435596
0.83431
-0.888558
-0.3034
0.652182
1.01776
-0.0169485
1.63211
-1.70492
0.784691
-0.208838
-0.0315436
0.650108
-0.229561
-1.18578
1.55686
-0.389828
0.655398
-0.603841
1.41581
-0.240178
-0.252721
-1.27143
-0.497991
0.11708
-0.405411
-0.0625221
-0.130615
-0.838862
-1.42262
0.210135
0.296455
-1.42511
1.51717
1.83852
2.13804
-0.204013
-0.535534
-1.30891
0.358257
-0.567693
-1.10921
-0.507357
-0.233926
-0.0254694
-0.478563
-0.598161
0.443941
-0.398982
0.717361
0.653172
0.190315
1.24636
-1.46609
-0.452266
-0.138301
-1.72417
0.674471
-0.495418
-0.0130881
-0.934163
0.361509
0.675621
0.637115
1.04797
0.081338
0.0176854
-0.0526958
-0.851963
-0.114138
-0.337247
0.735871
0.0657059
-0.0918922
1.92851
0.560502
-0.358167
-2.45632
-0.856912
-1.91893
0.463188
-0.620785
-0.110857
-0.424496
0.254463
1.5523
0.449255
0.177862
0.185367
-0.305332
0.16452
-0.406173
1.6156
-0.259118
-0.536485
0.725492
0.185928
-0.307436
-0.489625
0.379066
-0.663417
-0.761325
0.0607429
0.564179
-1.28748
-1.84938
0.435489
0.903485
0.30598
-1.46253
1.34855
1.36056
0.690266
-1.40885
-0.576162
2.32097
1.07147
-1.17376
-1.60053
0.556471
0.7045
2.42838
0.368511
-1.94923
-0.248143
1.19644
1.00959
0.383262
0.915165
1.76744
-0.473681
-0.528413
-0.300585
0.300198
0.632567
-0.106859
-0.282628
-0.230871
0.136661
0.449438
-0.698173
0.126321
0.264723
-0.315191
0.456078
0.741988
0.38441
0.71682
-1.75408
1.2611
-1.48924
1.09622
-1.04907
0.129586
-0.119356
-0.452131
-0.206489
0.508042
0.787474
0.004698
-0.764102
-1.2893
-1.31701
-0.689587
-2.46183
0.253802
-0.87193
-0.67618
-0.405759
-1.24767
-0.416293
-1.85891
0.26209
0.312919
0.00244108
0.1045
-1.04816
0.74928
-1.83689
-0.0819525
-0.179479
-1.44145
0.00129737
0.68765
1.02657
1.54642
1.91066
-0.236337
-0.449863
0.0407866
-1.53261
1.1825
-1.00658
0.265331
0.859638
0.187535
-1.25415
-1.18082
0.972739
-1.48938
2.93046
0.530227
0.943916
0.454263
-0.660843
0.443216
-0.706872
-0.97558
0.957927
1.18857
-1.1266
-0.509686
0.109484
-1.23084
0.749269
0.903221
-0.500472
0.620932
0.171647
-0.634846
0.50155
2.03866
0.186859
1.79664
0.230199
-0.39327
-1.1586
-0.0502301
1.53625
1.50449
-0.849087
-0.3069
-2.78431
-1.34252
-0.326241
1.0339
0.395893
-1.41957
-0.995149
-0.793182
-0.298709
-0.703162
2.96901
-1.33407
2.10737
0.565686
-0.122825
-0.738178
-0.628097
0.471291
0.778352
-0.72601
1.85618
0.044061
1.6745
-0.0881771
-0.625008
-1.0496
1.30277
1.11899
1.36642
0.146105
0.282936
-0.560081
0.146646
-1.79554
0.253808
1.2823
1.45286
-1.20198
2.07791
0.360394
1.16738
0.479391
-1.36767
-0.321816
-2.15343
0.511733
1.40783
0.973226
0.571012
-1.91825
1.0378
-1.05359
1.17292
0.328047
-0.101192
0.257538
-0.641152
1.03592
0.208891
-0.0876151
0.0537154
1.05138
-1.44261
-1.02512
-0.742467
-0.421781
-0.561503
-0.666649
-0.917556
1.10879
1.71021
-0.0898255
-0.146185
1.45099
-0.691651
0.457627
-0.359016
-0.471749
-1.31342
-0.422647
-1.36037
-1.27228
0.866431
-0.0445114
1.47616
-0.395374
-1.07813
0.893846
-0.583765
-1.95379
-0.814019
-0.19564
-0.0244829
-0.304168
0.548001
-0.607344
1.90486
-1.27088
-0.639446
1.78956
-1.4875
2.04634
-0.221808
0.843913
0.335707
0.0386726
0.452851
-1.22012
1.03059
-3.02024
-0.553898
0.131394
-0.0144352
-0.0518665
1.13888
-0.0913307
0.147475
0.800218
-0.231098
0.578147
0.602138
0.803172
-1.32265
0.263071
-0.591902
-0.54143
-0.264677
-0.10029
-0.754664
0.69126
-0.202906
0.411742
-0.251462
1.111
1.59204
0.0768009
2.26148
1.03212
0.668081
-0.584211
-0.597921
1.12317
0.897517
-0.569116
0.303278
-2.06135
0.405254
0.0743183
-1.39631
0.299658
-1.63356
0.0864866
-2.13815
-1.51123
0.494285
-1.80982
-0.0435848
-0.947964
-0.454977
-0.439555
1.49509
-1.59674
0.391551
0.0171448
0.78661
-1.15624
0.0980591
1.14163
0.67662
-0.862994
-1.65266
-0.0258261
-2.73267
-0.419507
0.0719454
-1.12487
0.812165
-0.415702
-0.0466186
-0.65948
-0.148297
1.57491
-0.853773
0.975819
-1.69069
1.98309
-0.0822309
-1.63633
-0.272636
-0.024861
1.24168
2.08392
0.83043
0.0201702
-0.603892
0.103907
0.505098
-0.466415
0.188253
0.649999
0.515657
0.326556
0.735803
-1.81289
0.383661
-0.354257
-0.943557
-0.514254
-1.38722
0.195357
0.178603
-4.13111
0.288892
0.0471245
-0.549144
2.0503
1.8225
0.122681
0.880135
-1.41064
-0.18315
0.435735
0.220568
0.492122
-1.26715
1.31203
-2.0201
0.523488
-0.682213
-0.423496
0.280469
-0.726874
-0.710841
0.0653676
0.310526
-0.0721449
-0.60192
1.6573
-0.266458
-0.488735
2.50022
-0.97357
-0.581255
0.134051
-0.201945
-1.23525
-0.267177
1.48859
-0.0207851
-1.01987
0.726983
-1.03027
0.0786625
1.02088
0.620984
1.93453
-0.853428
0.995642
0.545395
-0.443985
1.58001
1.51037
-0.52309
-0.609376
-0.0276185
-0.231759
-2.15277
2.22835
-0.55266
0.70257
-0.371902
-0.374216
0.694168
-0.0809471
-0.231521
0.294688
1.78315
-1.26294
0.0225888
-0.67302
-1.10085
-1.79563
-0.654265
0.179636
-0.586812
-0.385227
-0.757043
0.809504
-0.302749
1.23485
0.731595
0.876357
-0.452457
-0.0541552
0.810089
-0.501152
-0.110444
-0.179124
-0.955133
-0.173758
-0.21224
0.145887
-1.05048
-0.631827
0.234982
-1.18071
-1.30543
-1.5518
0.708782
-0.0974488
-0.415613
1.26273
-0.91545
0.463417
-1.13751
2.10032
0.392112
0.420745
-1.2176
0.65779
0.285754
0.871929
-1.89352
-0.2735
0.159648
1.82203
0.33151
0.536837
0.381588
-1.45772
0.981913
-0.180985
-0.278563
-1.23506
-0.429054
-0.0522404
2.13291
0.651499
0.0470478
-0.548279
0.809218
-0.261698
0.106096
-0.897716
-0.590841
-2.28585
-0.522114
0.304889
-1.09016
0.133447
-0.136042
-1.34175
-0.235031
-0.197229
0.0941365
0.939334
-0.747239
2.1783
-0.872261
-0.263635
1.72777
0.5342
0.294185
-0.195417
0.240194
0.73867
2.28806
-0.102247
0.955217
1.72916
-0.787962
0.0839149
0.627273
0.769807
-0.481702
1.78383
-0.764789
0.376976
-0.0955612
0.592867
0.816913
1.08597
-0.184333
-0.141695
-0.313563
-0.809472
-0.769722
-0.530859
0.955434
-0.234278
-0.0853431
-0.175248
0.815179
-0.41755
0.321741
0.371025
0.00312427
-0.253341
0.202425
-0.0908348
0.515604
0.869506
0.0101482
1.40637
-0.467735
0.213665
-0.0161054
-1.43344
-0.697516
-1.47911
0.708312
0.125191
-0.0787894
0.270471
0.62871
0.603729
1.21791
-0.582272
-0.505107
0.490608
0.216246
0.861433
0.0620145
-1.38861
0.218555
-0.793654
0.471466
-0.233985
0.411857
-0.817606
2.57791
-0.509676
1.00134
0.915317
1.40359
-0.277781
-0.491723
1.07759
1.09597
1.26279
2.93945
0.151469
2.07972
-0.812825
1.74873
-0.117453
0.0669838
0.0711131
-0.409785
0.746964
-2.36171
-0.183625
0.19818
-0.697583
0.760444
1.91908
-0.0893756
0.775505
-0.116062
1.89255
-1.19448
-1.89355
0.769934
-0.234288
-0.211549
0.934102
0.343217
-0.5527
-0.00638414
0.290874
-0.162126
0.0907716
0.392992
-0.639088
-1.12474
1.58299
1.30392
0.327581
1.07569
-1.06047
-1.44692
-0.581319
0.430243
-1.17645
-1.24161
0.414909
-0.0333656
-1.04135
-0.492908
1.11868
0.901837
1.43047
-2.73635
-0.0542001
0.910396
1.35263
0.0105836
-0.685899
0.539351
0.695696
-0.432103
-0.0393604
-0.170625
-0.24672
0.0434551
-0.787968
1.09203
0.677168
0.788956
-2.13966
1.26002
-0.565337
-0.499913
-1.26761
0.493318
-1.10506
-0.877872
0.384113
-0.663598
-0.717821
-0.10445
-0.571389
0.134486
-0.820888
1.15106
-0.535878
-0.802748
0.814989
0.307234
1.14854
0.403454
-0.862775
-0.0388119
0.505083
0.1648
-0.449053
0.535764
0.0271323
-1.99177
0.924393
2.25194
-1.07988
-0.265298
1.37828
-0.934745
0.360275
0.883424
-0.0401604
1.10687
-0.488577
1.28831
-0.72935
1.01517
0.196758
-0.60688
0.993672
0.0795245
1.07844
0.0357592
0.77659
-2.01157
-0.167981
0.348109
-0.733443
-1.46711
-1.44649
1.69798
-1.30484
-0.59285
-0.0693165
1.55218
-0.291795
-1.30371
1.62145
0.951436
-1.7986
-0.0729208
1.23233
0.601202
0.513791
-0.254649
-0.415826
0.0766173
1.43136
-0.528415
-1.96901
0.433018
2.42831
0.26797
-0.416888
-0.529453
2.23272
0.957642
1.39275
-0.0704531
1.83314
0.433672
-1.12173
-0.644028
0.6811
1.37976
-0.258975
0.608927
2.03881
1.55153
-0.0261327
-0.498637
0.694016
-1.64574
0.526069
-0.868245
-0.299344
0.356113
-1.49449
-0.707791
0.59074
-0.527578
0.991969
1.20052
1.35409
1.33299
-1.67328
-0.343106
-1.52962
-0.913685
0.323723
2.27634
2.04502
-1.41192
-1.00047
-0.799578
0.0118775
-0.689187
-1.7003
-0.748675
0.292512
-0.851382
0.115107
-1.10219
-1.23066
0.965138
0.584261
0.859368
-0.8042
-1.6836
0.578103
-0.75727
-0.212788
0.559662
0.223607
0.466666
0.175119
0.399007
0.0914318
0.70264
0.569094
0.621364
-0.27795
-2.14978
-1.41438
-0.313803
-1.67644
0.225666
-0.607057
-0.00100989
0.603107
0.097072
1.59458
0.60861
-0.756019
-1.73878
-0.0567179
0.100565
-1.36653
1.10519
1.03261
0.342873
-0.39045
0.489577
0.314627
0.28492
1.58833
1.70789
0.725201
0.710416
1.56788
-0.281677
0.0132756
0.387027
1.21518
0.26964
-0.863674
-0.420074
0.145192
0.670638
0.94407
-0.525906
0.331637
-0.417185
-1.00833
0.151988
0.542826
-1.46867
-1.5123
-1.29298
0.990301
-0.872976
0.668679
1.39995
-1.08797
1.27257
1.06949
0.667864
-0.839674
1.61612
-0.558757
0.125445
0.285036
-0.00668297
-0.172854
1.1231
-1.50177
0.996385
-1.2917
-1.28895
-0.247875
0.964572
-1.48042
-0.715133
-0.435215
0.410941
0.518197
-0.0907811
-1.01653
-0.0403703
1.35764
-0.312277
0.973948
1.76468
0.551021
1.09263
-1.15137
-1.09204
-1.37494
-0.561234
-1.66547
0.237256
0.713971
-0.634417
-1.96886
-0.553709
-0.383449
1.61366
-0.583937
-0.0166633
-0.138375
0.0251529
0.257173
1.72765
-0.500992
-1.83648
-0.238908
-0.502192
-1.65128
-0.886855
-1.13963
0.23767
0.959658
0.58916
0.698808
-2.0073
0.669544
-1.46548
1.67215
0.134253
1.18916
0.68508
0.61242
0.0384262
0.662422
0.0380736
-0.778117
-0.157601
1.35986
-0.255211
0.0223133
-0.0384976
-0.535557
-0.340637
0.653223
-0.141346
0.620449
1.24839
-1.47641
-2.13913
0.869617
0.356905
1.36934
-1.2828
-1.01809
-2.72191
-0.362377
0.250657
1.10675
1.72449
0.673101
-0.909198
0.828402
-0.186523
-1.98498
-0.581066
1.47454
0.722906
-0.932572
-0.151122
-0.214991
-1.95424
-0.0785325
1.37387
-0.728912
0.637902
-0.525506
-1.12188
0.286383
1.50856
-0.54801
-1.02904
1.32491
-0.393712
1.913
0.357421
0.739992
-1.62957
-0.36923
1.01529
-0.0695192
-1.3986
-0.542009
-0.0967929
-2.55329
-1.20721
1.05711
-2.33503
-0.993254
0.857778
-2.38155
0.452083
-1.06293
-1.76747
-2.03969
0.541283
0.256735
-0.520606
1.34486
0.882973
0.683385
-0.339927
-0.7132
0.516171
-1.1743
-2.10373
-1.45221
-0.671377
0.197996
-0.877229
0.000825596
-0.470502
-0.338432
2.25345
1.7639
-0.0258919
0.226434
0.506946
2.48531
-0.297687
-0.265705
-0.80204
-0.574153
2.38855
-1.6584
-0.568623
-0.428652
1.06303
0.181344
-0.996387
2.89862
-0.142049
0.606304
0.893288
-0.441203
0.822569
-0.730538
1.23553
-1.38056
0.365063
0.618207
0.612085
-0.126687
0.837366
1.02988
-0.686403
0.12863
-1.59741
0.225163
-1.84664
1.75426
0.881096
0.500768
0.0840402
0.142693
0.768406
-0.587581
-0.0917773
-1.28073
0.488576
0.214368
-0.263482
0.260834
-1.31657
-0.606983
0.379073
-0.578815
-0.734824
1.67821
0.115061
0.797803
-0.201461
1.52802
0.784369
1.21385
-0.762855
0.152257
0.874724
2.01061
0.364399
-0.604296
0.466543
-0.792047
0.237226
1.15128
-0.281917
-0.723649
0.491267
-0.170579
0.293562
2.74746
-0.586489
-0.886042
-1.44855
0.37008
0.00726958
0.736164
-2.52912
2.39113
0.00788226
1.41405
0.30964
-1.06168
-0.995226
0.261523
-0.204464
2.01873
0.869391
0.716785
-0.490059
0.751825
-2.15081
1.11486
-0.521552
-0.780437
-0.557342
0.506878
1.45247
-0.332192
-1.41457
0.601211
-0.178492
-1.35631
-1.79815
-1.99752
-0.738342
0.601479
-1.08008
0.380536
-1.90285
-0.723882
-1.41435
-1.19211
-0.835123
0.241391
0.624807
0.313233
-1.11753
0.792645
-0.123688
-1.49241
0.626764
-0.486475
0.034048
-0.925904
0.864795
-2.08028
0.532785
0.180424
-0.36338
0.398229
0.699728
1.16179
-0.275221
1.18708
-0.956494
0.203771
-0.742309
-0.63526
1.48019
-0.531131
0.876843
-2.37311
-0.238008
-0.304575
-0.390496
-0.386189
-0.468593
-0.137876
2.59299
-0.537912
0.841725
-0.299459
-0.566177
0.385843
-1.03235
0.205046
-0.524294
-1.22705
-0.836495
0.605035
-0.573854
-0.933145
-0.0837244
2.08773
-0.678964
1.65636
-0.663765
-0.0995476
-0.419545
0.316054
-0.261985
0.257943
0.882377
0.221431
-1.31488
1.76341
-2.09597
0.761526
0.502484
1.34221
0.0688656
0.0930174
-0.708723
3.67274
-0.528168
-1.85124
-0.516397
-2.17449
1.61128
-1.1379
2.5485
0.402399
-0.492343
0.692213
-1.63331
0.709978
-0.217433
1.13438
0.0563257
0.107872
0.107402
-0.707751
1.181
0.00960821
-1.18806
0.412941
0.950282
-0.327835
0.66894
0.227549
-0.286671
-1.54233
-0.119526
0.619326
-0.563437
0.440023
1.11652
-0.878739
-1.17969
-1.5708
1.55964
-0.286174
-0.0265107
0.556411
-0.384766
-2.09018
-0.986473
-1.27347
-1.65925
1.09805
0.00342485
0.710755
0.727825
-1.06962
0.322032
0.0899867
0.580391
-0.61659
-0.932275
0.965326
-0.719113
0.450118
1.23762
-0.467716
0.339703
0.695174
-1.07852
0.959737
-0.685209
-0.997881
-0.176794
0.985899
1.34046
0.330613
-0.436109
1.13486
-0.191667
1.31034
-1.08655
0.302924
0.799449
-0.355853
-1.05178
-1.30981
-0.944517
-0.820199
-0.569002
-1.45912
0.272803
-0.450464
-0.348643
0.881264
-1.50287
-1.08597
-0.60241
-1.80718
-0.134521
-0.150154
0.424165
0.690513
-1.33812
0.579566
-0.0269252
0.235344
-1.0369
-0.621996
0.354258
-0.0281454
-0.997285
-1.16354
0.0516441
0.36417
-1.27026
-0.877598
-1.66574
-0.0737826
-1.65424
-0.717627
1.3261
1.40201
-1.57962
-1.3053
-0.25714
-0.841544
-0.847162
-1.88714
1.68489
-1.88403
0.164873
0.551198
-1.86166
-0.16258
1.31222
-1.52401
-0.507964
-0.123256
-0.323682
-1.23954
-0.285476
-0.623452
-1.18719
0.203629
-2.11556
0.0357251
0.683465
-0.813846
-1.08685
0.143816
-0.0160489
1.03416
1.43131
0.0958753
1.17563
-1.34204
0.822818
0.0696586
-1.43235
1.12827
-0.244755
-0.426167
1.76313
-0.496777
1.01919
-0.909256
-0.303964
1.12107
-0.653325
0.96331
-2.05069
-1.218
-1.50787
1.48301
-1.2687
0.182339
-0.73759
0.720619
2.27692
-0.540764
0.49841
-0.655454
0.948733
0.0748316
-0.36171
0.0675487
-1.04907
0.854116
1.58582
0.611909
1.2442
-0.259834
0.181428
-0.96212
0.876628
-0.140537
0.457913
-0.0989517
0.24733
-0.513289
0.0255158
1.0009
1.07344
-0.497779
0.270265
-1.79661
-0.612332
0.0994475
1.73554
0.279842
-0.959697
-0.460974
-0.761883
-0.856282
0.493022
-1.39163
-0.772926
0.697828
-1.1488
0.00547996
-0.699141
0.297862
1.65283
-0.673293
0.57006
0.751027
-2.3012
-2.28995
-1.74285
-0.287111
-0.126406
0.174099
-0.8118
0.816275
0.285784
-0.959878
0.230976
0.129385
-0.323369
2.10566
-0.797944
-0.523551
0.988777
1.03588
-1.18618
0.695661
0.218692
0.0444021
-0.406542
-0.0951143
0.188583
-0.164684
1.20998
-0.573829
-2.08176
0.238924
0.21242
0.879684
-0.0383192
-2.14212
-0.936622
0.235832
1.33894
-0.574584
0.839497
0.0220014
-0.494183
0.200358
0.220266
-0.242464
-0.390456
0.130122
0.872673
0.107936
-2.84603
0.707079
0.701169
0.0838446
0.478671
-1.91062
0.66915
0.0924311
1.0712
2.25349
-0.966366
-0.355642
0.0953122
0.499162
-0.144926
0.274102
-0.847653
-0.204688
0.955393
-0.245324
0.609745
0.512478
-0.2244
0.310568
1.66094
-0.563428
-0.782413
0.692423
0.92209
0.0618847
-1.12804
1.34736
0.27381
-1.91187
-2.00817
-0.378927
-0.682691
1.10539
-0.00619123
0.843399
0.41917
-0.428664
-0.979582
1.15019
-0.478428
-1.30722
1.32323
-0.51939
-0.835516
0.307361
-0.983955
-2.00015
-0.304205
0.0638523
0.182191
0.352915
0.202138
0.36686
0.329119
-0.390972
-1.19274
1.36128
-0.055004
-0.109384
-1.30276
0.516474
-0.244453
0.239885
-0.204869
-0.171116
-1.43557
0.668322
1.39393
-0.194621
-0.587456
0.0737281
0.845799
0.345977
0.578603
-0.337759
-0.0557545
-1.0576
0.402618
0.368076
-1.04079
-0.148709
0.207135
-0.938217
0.452825
0.27005
0.828772
0.443533
-1.41623
0.954481
-0.857776
-0.546663
-0.840845
0.497644
-0.0921404
2.68198
-0.586279
1.22582
1.06553
0.371295
-0.121071
-0.485508
0.140728
0.690087
0.697996
0.423234
-0.294647
-0.622792
1.82285
0.0753418
-1.16566
0.924821
-1.62986
0.0643528
0.0175865
-2.56162
0.953774
-1.09125
0.198025
0.98326
-0.720248
1.04545
1.09664
-0.891365
-0.600738
-0.557307
0.620384
1.44619
-0.226232
-0.829781
-0.328545
0.446658
0.34277
-1.45895
0.340368
-1.15211
1.36698
-0.460539
-0.0372773
-0.310282
-0.734997
0.310376
-1.09795
-0.362628
-0.46696
1.92961
0.0490006
0.0555742
-0.101864
0.711076
-0.328654
-0.510231
0.038262
-1.75319
-2.30895
-0.166055
-0.564473
0.385519
1.1229
0.137247
-0.324491
1.51707
-1.56071
0.269061
-0.175962
-0.90052
0.432265
-0.839493
-2.6561
-0.202701
-1.56746
0.909893
-1.60492
-0.793761
-2.32459
-0.591597
1.19794
-0.00117663
-1.27667
0.85449
-0.581596
-0.721295
-0.992328
-0.459192
1.8711
-0.0283923
-0.901397
0.260822
-0.313416
1.60675
-0.794874
-0.877453
-1.81106
0.0613189
-0.213368
-0.110522
-0.206426
0.492727
0.241012
-0.128038
-0.0844232
-0.99088
0.83079
-0.0181913
0.519933
-0.132542
-0.618808
1.40776
0.166272
-0.275622
-1.28598
-0.502468
-1.61201
0.374118
0.216438
1.18636
-0.769447
1.69258
1.38171
0.021823
-0.878696
-1.98821
-1.30042
0.903799
-0.440521
-0.313044
-1.42673
-1.13978
-0.964847
1.09366
-0.651499
0.324266
0.559175
0.14301
0.870033
0.792195
-0.633999
0.707879
-0.258691
-1.01162
-1.57995
-1.5711
0.550139
0.995356
-0.472391
1.40395
0.558317
0.610362
1.39883
-0.387915
-0.324782
-1.56739
-0.48108
0.873326
0.559995
0.0807869
-1.00978
-1.05627
-0.721511
-0.752019
-0.274124
-0.711171
-0.869519
-0.624662
0.784013
0.0193373
-0.600291
1.15452
0.560408
0.171499
-0.159266
-0.314212
-1.89852
-0.477295
1.86858
0.804318
-1.3061
-1.4871
0.455805
1.0595
1.24834
0.126522
-0.908932
1.34038
-0.957217
2.23842
0.360007
0.0509998
0.255909
-0.625143
-0.821015
-0.714813
-0.329553
-0.546423
-1.04078
-0.201594
2.54783
-0.740763
1.2726
0.169185
1.92692
0.240776
-0.644738
-0.768709
-0.0653974
0.488931
-0.895059
0.431181
-0.628142
-0.533019
-0.426261
-1.61194
-0.139312
-1.01905
0.965112
-0.627621
0.9941
-0.521189
0.358003
-0.645707
1.46096
0.140268
1.01941
0.0698429
-0.698754
-0.632319
0.140941
-0.891153
0.769173
-1.11048
-0.247997
-0.496802
-0.575565
-0.101805
-0.182433
-1.42127
0.550678
0.464187
1.35138
-0.202991
0.143554
1.25635
-0.333921
0.605748
-0.538758
0.430759
-0.210107
1.19285
0.751948
-0.969305
-1.44516
-0.663756
1.15039
0.0320085
0.0359617
-0.0340546
1.33943
-0.141219
0.788446
-0.242439
-0.165503
-0.156996
-0.846633
-0.532925
-0.940693
-0.519745
0.334125
-0.708491
0.127755
0.329527
-0.820917
-0.808075
1.28351
-2.22398
-0.188891
-0.488385
2.18767
0.36164
0.452929
-1.1926
-1.38296
-0.184452
1.90055
0.854111
-1.74097
-1.13707
0.47354
0.632368
0.620413
-0.214488
-1.32604
-1.56942
-0.747732
0.233167
-0.300144
-1.41024
0.930834
-0.612262
-1.51176
-0.663588
-0.626863
1.40737
-1.55512
-0.0761739
-0.0398083
-1.38858
-1.5468
-1.23605
-0.336276
-0.346076
-0.806956
0.327754
-0.353241
-0.770913
0.500356
1.41153
-1.10532
-0.793182
1.03252
0.588313
-0.372922
-0.156281
0.654647
-1.08283
0.218241
-0.162368
0.741293
1.55752
0.00942513
2.77386
-0.780192
-0.346171
1.02006
0.0216812
-0.485542
1.47892
0.0412922
-1.24391
1.27104
-0.504475
-0.258257
1.35313
-0.871006
-0.5587
-0.378168
1.31271
1.47056
0.134407
-0.412048
-1.18079
3.04488
0.501551
0.5965
-0.0917594
-1.50527
-1.35812
0.846555
0.977154
-0.954945
0.577959
0.730819
0.474194
0.376795
-0.721269
0.898436
0.726916
0.765599
-1.05719
-0.83358
1.40829
-0.684214
-0.0574846
-0.974979
0.968324
0.516489
-1.30642
1.17912
1.26607
0.0530537
1.2766
1.85654
0.603205
-1.30656
0.193044
-0.226905
0.139701
0.912443
1.45116
-1.07337
-0.708291
1.02546
-1.03689
-0.747281
0.290272
1.32795
-0.638407
1.34231
0.131897
0.00577948
-0.588951
1.00855
0.340191
-0.801181
0.449933
-0.109608
-0.302564
0.15752
1.2607
-0.216363
1.19664
0.363903
0.594834
0.42697
1.9935
0.178935
0.446208
0.443225
-1.862
-0.494564
0.0026686
-0.339764
1.95675
-1.39757
0.4597
0.304316
-0.494296
0.271152
0.106138
-1.24343
1.98408
0.45318
0.170266
-0.060926
0.93878
-0.0672049
-1.1163
0.780343
2.39565
-0.917448
0.646188
0.262145
0.342882
0.0572227
0.061819
0.151331
-1.58922
0.262379
0.552338
-0.541901
1.34417
0.429401
-0.142963
-0.216783
-0.563361
0.685081
0.195534
2.16307
-0.917082
0.307789
1.1066
-0.567362
-0.113396
-0.113982
0.224136
1.95708
0.628545
0.548184
-0.78181
1.61637
0.908301
-0.756262
-0.763738
-0.164662
0.819032
0.532438
-0.812204
0.199629
0.112923
-2.06081
0.396195
0.678449
-0.950855
0.464968
-0.501222
-0.00589676
1.01845
1.21254
1.78056
-0.218573
1.20856
0.574526
0.301875
-0.29914
0.413904
-0.474847
-1.15209
-0.207724
-0.97226
-0.118047
-1.19558
1.50697
1.03181
-0.830792
0.265533
1.26778
1.28095
0.470983
-0.546965
-0.769396
0.234551
-0.342293
0.240699
-0.537633
-0.0912892
1.3575
0.450509
-0.460044
-0.334958
1.65377
-0.0849314
0.038983
1.41418
0.566456
-0.181545
0.203299
-1.72341
-0.0802709
-0.758907
-0.361008
0.48632
-0.676852
-0.301712
1.01016
1.24941
2.19998
0.19608
-0.51823
1.50923
1.06895
0.15163
-0.503698
-0.461968
-2.25924
-1.35361
0.153247
-2.46478
-2.03049
0.0967248
-1.70288
2.44932
-1.02673
1.70685
1.92073
0.110073
-0.191977
0.209329
1.12606
-1.01481
-1.38928
0.870318
0.808383
1.40231
0.738106
-0.874411
-1.47782
-0.854371
-1.06681
-0.909322
1.16848
0.669034
-0.0244155
-0.0712911
-0.352792
1.14814
0.513802
0.0178579
-0.209559
-1.16437
-0.00421289
-0.418619
1.62241
-1.30925
1.25762
-0.424351
-0.123491
0.804781
-0.135441
-0.496624
1.28252
0.650306
-1.30155
-0.594871
-0.0268674
-1.66604
-0.365581
-0.157896
-1.37581
0.0820352
-0.330531
0.124259
-0.0921651
0.947653
0.570256
0.0441888
-1.21383
0.149917
0.795379
0.197893
-0.654794
-0.0127484
-0.456742
0.291868
-1.59854
-1.08292
-1.38039
-0.202932
0.101847
0.617922
-0.416198
-0.416423
0.232797
0.3856
1.16943
-0.279846
1.0066
-0.933126
-0.258828
-0.436866
0.180348
-1.09152
0.376706
1.30963
0.868849
-1.3471
-0.503032
0.683073
0.677253
0.640454
2.7156
-1.20306
1.20851
2.0665
0.0674622
0.873793
1.16739
-0.435832
0.652549
-1.08033
0.324656
0.524854
0.651529
0.52857
0.244561
0.330821
0.954295
1.65658
0.319781
-0.573317
-2.42839
-0.27551
0.549819
1.52411
-0.717546
0.464838
0.481597
0.569851
0.367659
0.482762
-0.575318
0.782386
0.398337
0.911359
-0.797457
-0.754013
0.379654
-0.641221
-0.24146
1.06803
0.857169
0.529598
-1.74836
0.645357
-0.957942
0.737748
0.474996
-2.1658
1.37409
1.76394
-1.07932
1.02352
-0.219211
0.873731
-0.497005
-0.269059
-0.435221
-0.338525
-1.38932
-2.37818
-1.41709
2.926
-0.093981
0.359432
-0.0246174
-0.460404
-0.73493
-0.733602
0.0485694
-0.231887
0.529884
0.598423
1.12612
1.77191
-1.21947
0.00618849
0.449753
0.128514
-0.61331
0.522791
-1.00991
0.600705
-0.864866
0.19662
-0.798594
1.06497
-0.137276
-0.919439
0.152116
1.49162
1.35544
0.939391
0.305767
1.09662
-1.28415
0.402739
0.461201
0.562011
0.372298
-0.0421439
-0.797658
-1.25471
-0.0988131
0.0477988
-2.12594
-0.564517
-0.0578482
0.955054
-1.16492
1.44294
1.73436
0.282153
-0.630549
-1.17394
0.879025
0.498935
1.12335
-0.495647
0.831932
1.42707
0.06258
0.598025
-0.23583
0.383941
-0.604183
3.0116
1.30937
1.82695
0.154979
-0.459108
-0.616963
-0.24044
-0.170655
0.842
-0.905808
1.55385
0.607115
-0.288168
-0.397118
0.795203
0.0472478
-1.01556
1.23549
-1.12045
-0.260653
-1.46905
0.635697
0.28445
0.701699
0.792177
-0.497742
0.0386345
-0.63436
0.507303
-0.451476
-2.83285
0.312214
0.445028
-1.31587
0.388132
0.326907
-1.48824
-0.831048
-0.700852
1.23092
-0.490071
0.762604
-0.630465
0.0489801
-0.0822429
0.0405518
-1.47941
-0.602374
-0.492464
0.686838
-0.150324
-0.118656
-0.673196
-0.285045
-0.950451
1.03564
-1.48142
-0.0550822
1.735
-0.316952
-0.382709
0.699744
-0.801109
-0.255098
-1.02375
-0.363464
-1.48701
-0.381145
-1.15046
-0.162196
1.05914
-0.277123
0.196067
2.07446
-0.0876032
0.496526
1.21498
0.412458
-0.780201
-2.96563
-1.04639
0.147962
-0.250472
0.560469
-0.170571
-2.14565
0.138835
0.850535
-1.35471
-1.3759
0.471963
-0.204643
1.42296
0.108487
-2.11553
0.255726
-0.0486221
-0.215524
-0.809087
-0.832368
-1.79495
0.789641
-1.35386
0.980926
-1.0786
1.20716
0.357562
1.89
-0.395556
0.490386
1.55082
-0.277873
-0.293129
-1.9204
-0.424377
-0.090515
0.157968
1.03665
-1.77579
1.13801
0.102964
0.120819
0.930767
-0.730871
-0.474648
0.734545
1.01444
0.147914
0.794726
0.0476398
-1.3387
-0.966812
0.04799
2.44938
0.874463
-1.16168
-0.220431
-0.775066
0.833976
0.598129
-0.485258
0.740006
-0.622648
0.452371
-2.47805
-1.28904
-1.02244
-1.73305
0.651053
-0.0591628
-0.53715
0.225774
0.0182946
0.725482
-0.0717423
0.230636
-0.718121
-0.38974
-0.389654
-2.17613
0.361922
0.742723
-2.06782
0.365748
-0.905072
-0.187566
-0.773855
0.831511
2.56785
-0.653986
-0.0585991
-0.364941
1.99353
-0.432092
0.589779
-1.54522
-0.877516
-0.61368
1.89972
-0.451867
-0.443239
0.190087
-0.756243
0.630911
-1.01233
0.605541
-0.326237
-0.188537
-1.18649
0.0228639
-1.45858
0.40528
0.757912
-0.708812
0.35276
0.674357
-2.16251
0.0234441
-1.15339
0.500021
-0.523377
0.98187
0.791617
2.86049
0.822195
1.949
-0.890765
-0.371876
-0.214922
-1.06226
-0.173565
-0.156123
0.884875
-1.12444
-1.78288
1.02811
1.1676
0.566538
-1.34003
-0.535096
-0.101451
0.0204844
0.516037
-0.477998
-0.553417
1.84548
-0.995482
0.625095
-0.231682
-0.471371
0.915035
0.395526
-0.357662
1.10775
0.141283
0.484057
0.259668
0.0677274
-0.957768
0.413443
-0.309887
-0.921302
-2.08353
1.09166
-0.943518
0.375327
0.86966
-0.291731
-0.0496088
2.17654
0.992594
-0.862008
0.294201
-0.855872
-0.43903
1.65893
0.0957534
-0.122983
-2.02183
0.256137
0.364764
-0.21191
-1.82704
-0.707408
0.63491
0.14964
-0.187167
-0.357228
1.42613
-0.439998
2.10965
0.54451
-1.14516
-0.945139
-1.35502
-0.181119
0.840699
1.009
0.520346
1.16226
-1.40831
0.128571
-0.24703
-0.903402
-0.668543
0.197534
0.222289
-0.984897
1.20543
0.500736
0.694316
1.43824
0.961138
-1.27655
0.307733
1.71708
1.47931
0.960401
-0.537716
-1.88747
0.348652
-0.217502
-0.128557
0.0801741
-0.997153
-0.760087
0.106283
0.096462
0.416184
0.581098
-1.38995
1.36141
-0.786211
0.152037
0.135964
1.19752
0.239382
0.28019
-0.688532
-0.0814639
0.0896997
0.88133
-1.84059
0.653946
-1.01
0.205669
-0.326768
-0.51556
-0.991618
0.645383
0.658399
-1.37344
0.590847
-0.176424
0.566579
-1.27934
1.36524
-2.30769
-1.09205
-0.661786
1.55108
0.994677
-0.504898
-1.23332
-0.384025
1.09329
-0.425009
-0.348487
-0.894868
-0.34021
-1.61475
2.19779
1.73265
0.747108
-0.236728
-0.466474
1.04049
1.27372
1.7806
-0.48392
1.19339
0.561515
-0.705455
0.758293
0.726933
0.925991
-0.717207
1.8684
1.93633
-1.7486
2.22271
1.15671
-1.05978
-0.752374
0.809359
-2.0774
-0.0614634
0.114541
1.39392
0.607353
-1.84259
0.494452
-0.547478
-0.715728
0.0213253
-0.184868
0.0691286
0.260973
-1.84346
-0.198108
-0.459473
0.474132
-0.620542
-0.792925
-0.674171
-0.120225
-0.964052
2.13299
-1.11665
-2.11917
-1.05147
-0.250289
-1.24847
-0.999211
0.252745
0.426253
0.849719
0.315288
-0.193105
0.922265
0.542826
1.58184
0.179598
1.34569
0.0468851
-0.525851
-0.260282
-0.638594
-1.6567
-0.846413
0.806623
-0.361009
-0.443337
0.761021
0.0770082
-1.28468
-0.580696
-0.956408
-1.74349
0.548805
-0.682725
-0.71297
1.05176
0.620082
0.744451
-0.317104
-1.0934
-0.684773
0.594915
1.16901
-2.41549
-0.136974
-0.2227
-0.743112
-0.109181
-0.636828
-0.0379831
-0.918015
-1.94907
-0.0509946
0.268372
-1.03462
-0.189729
-1.05127
1.6024
1.32107
0.27114
0.949361
0.592904
0.179172
1.044
-0.831501
0.0469889
0.507129
0.9247
1.17462
0.772449
-0.533802
0.602473
-0.12108
-0.831554
-0.0164165
0.481181
0.361301
-0.576455
0.479657
-1.52029
-0.51487
0.422946
-0.26989
-1.55913
1.32099
1.29888
-0.697908
-0.860565
0.680325
-0.409747
-1.56886
0.812348
2.27416
-0.541317
-0.497833
0.178127
-0.113457
0.842674
-0.818807
-0.683006
-0.834204
0.0604857
0.17867
1.49184
0.216575
-1.10693
0.628421
0.698868
0.703927
-0.244448
-1.25105
0.380434
-0.507218
0.758416
-1.61332
-0.358582
0.576371
-0.290915
1.34241
-1.54297
-1.07455
-1.59546
0.438216
-1.75376
0.628564
0.0685526
0.0745732
-0.604181
1.28885
0.163799
-0.371613
1.23649
-0.533811
-0.474619
-0.427218
0.45047
0.73081
0.966294
-0.374141
0.930583
0.440176
1.31644
-0.606535
-1.36666
0.823082
0.145695
1.02135
0.734468
1.36498
0.915385
-0.834993
0.103461
0.727525
-0.220183
0.264855
-0.238668
-1.14211
0.70481
0.675556
-0.466958
2.6758
-1.65547
-1.04408
-0.272157
-1.19701
-0.38893
0.0110592
0.613025
-0.361469
0.493143
0.111803
0.127688
0.378311
-1.25977
1.5969
-0.669912
0.637985
0.723203
0.16896
1.26889
0.155771
-0.184021
-0.581232
-1.20221
0.954281
1.04545
0.487407
0.172271
0.57035
-0.342274
1.51729
-0.0830667
-0.523941
0.858793
0.446019
-1.55188
0.78923
-1.08795
-0.650206
-0.222361
0.168578
-2.02008
1.23239
-0.99999
-0.349009
2.38545
0.0839894
-1.52796
-0.87506
-0.0443834
0.344563
0.400674
0.331523
-0.162133
-0.459788
-0.940598
1.33393
0.588294
-0.232228
2.11474
-0.390696
-1.38409
-0.365004
2.69148
-2.41956
1.68843
-0.759071
0.45419
-0.452367
0.318706
1.49496
-0.551781
-0.928224
0.507103
-1.39974
0.840924
-1.92479
-0.211702
0.735366
-0.0649175
-0.280491
0.361978
-0.40519
-0.909341
-0.711025
1.31189
1.86967
1.01861
-0.292271
-1.65545
-0.0255148
0.364161
-1.06215
0.312354
0.030552
0.0490458
-0.052192
-0.53102
-0.595437
0.383967
0.286987
-0.168671
0.572501
1.09404
1.61532
-0.316466
-1.81735
0.470463
0.2844
-1.27214
-0.272418
-1.74745
0.3195
-0.959487
-0.778626
-1.88256
-0.53344
0.312896
0.90193
-0.0138722
-0.00931387
1.81156
-0.518771
0.794152
-0.0802064
0.714777
2.13408
0.714563
0.793883
-0.146741
1.41196
0.291242
0.608197
-0.798992
0.689278
-0.174306
0.394121
-0.343263
0.418573
-0.0759978
0.970723
-0.782832
1.31287
-0.205855
-0.831356
0.377124
-0.82439
-0.662439
0.220217
-1.09237
1.0123
-0.75439
-0.0887559
-0.590421
-1.51312
0.217878
1.38211
-1.22071
1.553
-0.53622
0.803983
0.54612
-0.290316
0.438507
0.444926
0.165597
-0.311302
-0.224822
-0.458459
0.677684
0.269136
-0.756503
-1.36231
-0.761548
-0.684311
0.335925
1.23002
0.0979149
-2.07127
1.35597
0.901569
-0.997226
-0.993814
0.131952
-0.524248
-1.01284
-1.16111
-0.825609
-0.539205
0.290359
0.138027
1.41994
-0.322725
1.50549
-1.88939
0.614949
0.215607
0.128071
-0.514741
0.977296
0.107195
-0.856599
-1.35475
0.935648
1.97753
0.736964
-0.649227
2.03085
-0.100599
-0.66892
-0.448708
1.84021
-0.190227
-0.00193755
-0.446677
-1.12882
0.385782
-1.72305
-0.0366554
0.641516
-0.265162
1.19179
0.250689
-0.779016
-1.06148
0.452339
-0.599957
-0.0835903
-0.678359
0.122715
-1.81325
-1.60463
-0.704915
-0.318475
1.12506
0.0115195
-1.81124
0.863106
-0.0192492
-0.70298
-0.441772
0.117918
-1.18458
1.74435
1.62696
-0.451322
-0.384312
-0.825078
0.505668
-0.483585
-1.04695
-1.28931
1.38022
-0.00289448
-0.175404
0.0695849
-0.713066
-0.713716
0.795425
-0.816656
-0.894427
0.461265
-0.212747
-0.020473
0.0999525
-0.530255
-0.425348
2.10621
2.10481
-0.390691
-1.10599
0.475066
0.222888
0.347483
0.408442
-0.116571
0.046362
-0.203726
-1.27005
-0.389233
0.357974
-1.58244
1.60466
0.937563
-0.747917
1.84296
0.085766
2.03592
-0.377383
-0.529626
-1.09121
0.505026
-0.642177
-1.16025
0.164179
-0.181726
-0.866764
-1.10641
-0.841912
-1.93926
-0.481817
-0.0821772
-1.58008
-1.35316
-1.18779
0.103248
0.284332
0.00206645
0.855432
0.318687
-1.48033
-0.786795
-1.05623
-0.637129
-0.980132
0.583441
-0.40017
-0.912473
0.0407711
1.734
0.462707
0.211822
-0.0209496
-0.396711
0.0297469
-1.14173
1.27699
0.169918
-1.79553
0.448229
0.0441478
0.974734
0.505089
-0.229779
1.28806
0.682882
-1.82201
-1.66962
1.30773
-0.619908
2.42231
-0.678818
0.451635
0.341506
0.178783
-2.37129
0.33225
-0.948773
-0.978671
-0.698269
2.02686
0.187525
-1.97697
1.10967
1.50545
0.286548
1.03026
-1.08191
0.0184314
0.435667
0.86277
0.474537
0.578657
1.40086
-1.18134
0.300931
0.854385
1.16016
0.897015
-0.0844243
-0.308428
-0.787134
0.160618
0.00439082
-0.489185
-0.0487462
1.12216
1.74216
-1.13165
1.06466
0.124695
-0.185557
-2.31484
1.21995
0.31235
1.01631
-0.280309
0.604138
-0.336496
-1.50137
-0.818769
-0.530646
-3.23879
-0.661603
-0.0660906
-0.747605
0.384798
-0.576085
-1.06594
-0.41914
0.701409
0.0138904
-0.582395
-1.64552
-1.9631
-0.948361
0.0327059
0.357905
-2.02413
0.330762
-0.921985
-1.23372
1.20694
-0.988446
-1.47195
-0.437888
1.28582
-0.324991
0.333341
0.27456
1.72173
-2.18099
0.920526
-0.170491
-0.902296
-0.107892
0.712444
-1.26227
-0.594126
-0.10648
0.233927
-0.0624453
-0.574614
1.85761
-0.0661621
0.758153
1.86353
-0.110207
-0.62863
0.336905
0.707138
-0.521082
-0.412707
-0.23474
-0.576904
0.285275
0.162366
1.06464
-0.0446818
-1.79461
0.0738123
0.502466
0.514058
-2.58504
1.84157
-1.35613
-0.45161
0.558378
-1.74132
1.42265
-1.30567
1.47447
0.553061
0.583357
0.467788
-0.183944
-0.307942
-0.271795
-1.17396
0.153704
0.192019
0.254689
-0.273326
-0.588047
-0.242848
0.351533
0.715233
-0.82032
-0.234858
0.541896
-0.719822
-0.812857
1.65379
0.0747446
1.4878
-0.808609
-0.160161
-0.223059
-0.321446
-0.78892
-0.342369
0.646629
-0.251457
0.0328086
-0.792084
-1.92961
0.685718
-0.206221
-0.41718
0.352371
0.475265
-1.03381
-0.418319
0.113276
-0.338597
-1.19469
0.99029
-0.57863
1.21739
0.180786
-0.657082
-0.204101
-2.32757
0.198718
0.964959
-0.0922939
1.5728
1.07995
-1.11481
0.669085
-0.138559
0.885555
0.39183
1.66856
1.63129
1.05724
-1.45848
0.00410515
1.35202
-0.432366
0.765628
-1.26426
-0.69718
-0.397486
1.06118
-0.234055
0.287527
0.293099
0.570562
2.65026
-0.330194
0.71425
-0.0572173
-0.720537
0.0123672
0.627174
-0.926719
-0.251064
-2.28586
-0.548802
-0.790833
0.854727
-0.0623939
-0.618087
0.542841
-1.49371
-0.237087
-0.725762
1.55033
-1.23255
0.256724
-0.656512
-0.326634
-0.552989
0.258027
-1.57035
-0.321002
1.0933
1.19644
1.99573
1.15592
-0.925976
-0.343442
-0.373594
0.387861
-0.968908
0.449159
1.071
-0.697976
1.11293
1.55327
-0.657961
0.857927
-0.995718
-0.102301
-0.656546
0.317405
-1.63682
0.289413
-1.59471
2.01873
1.54039
-1.77955
-0.73823
-1.26105
-0.194442
1.09281
0.0259172
-0.924024
0.226379
1.93879
-1.71042
-0.754006
0.448069
-0.302708
0.535745
-0.643065
-0.554549
0.146597
-1.46914
-1.04777
-0.302141
-1.66551
0.124445
-0.147014
-0.662286
0.482142
0.143753
0.117125
1.73573
1.39038
2.99248
-0.245946
0.109216
0.269357
-1.36561
-0.966441
0.855013
0.913516
-1.80166
0.372837
-0.550595
-0.459461
0.627067
-0.156701
0.767402
0.362002
-0.00487183
-1.24442
0.0334422
0.617115
-0.438795
0.573538
-1.28829
1.41007
-1.14552
1.04576
0.12606
1.88792
0.458506
-0.969522
0.345295
1.42937
0.373319
-1.55792
0.421524
-0.506177
-1.6874
0.418227
0.755726
1.29141
3.36824
-1.36227
0.86153
0.455187
-0.330627
-0.659434
-0.0314187
0.904169
0.916727
-1.84115
0.758216
-0.301994
0.100878
-0.689819
-0.000405628
0.206176
-0.912388
-1.41579
1.86358
0.45534
-0.462237
0.00414001
-0.523051
-0.344017
1.81455
-0.58185
0.00940857
-1.77072
-0.232803
1.80206
-0.901377
-1.21645
0.332547
-1.51786
0.0668488
-0.276523
1.35645
-0.514099
0.382748
0.0332084
-0.188816
0.869397
0.907754
-0.0555076
1.9305
0.451334
-0.443902
-0.361065
-0.938493
1.59502
-1.46402
-0.676844
0.130782
0.655941
1.45618
-0.380395
0.527897
0.512347
0.437625
0.0443063
-0.613862
-0.285353
2.12145
-1.03238
-0.509622
1.88119
-0.266638
-0.79519
0.416467
1.95706
0.870712
-0.226875
-0.26695
0.332705
0.683468
0.739834
-0.51059
-1.57418
-0.474659
0.593649
0.341176
0.311274
-1.14489
0.392381
0.146813
1.51357
0.186222
0.966163
0.0672739
-1.68156
0.124394
0.161513
-1.33123
-0.549577
-0.22801
-1.69896
0.0554401
2.22122
0.0379206
0.332951
1.63322
-0.494014
0.794585
-0.355198
0.106661
-0.852318
-0.430172
1.64693
2.25625
1.72181
1.4932
1.30956
0.0515769
-0.162089
0.954742
-0.326233
-1.37098
-0.203643
1.61804
0.470589
-1.36885
-0.500713
2.18891
0.363971
0.342652
-0.458537
-0.405723
0.117128
-0.5711
1.27892
1.31131
-1.08126
-0.713311
-0.294489
-0.640562
1.32349
-0.298434
-0.558025
-0.963813
0.170358
-1.32081
-1.37094
0.300276
-1.27036
-0.636343
-0.641192
0.609411
-0.720799
0.215028
-1.03769
-0.224277
-0.845912
0.379042
-1.12507
1.78818
1.6493
-0.118318
-1.2136
0.462043
-1.4345
-0.573609
0.23489
0.295658
0.768705
-1.85667
-1.96943
0.484119
0.786351
0.566782
-0.799028
-0.870401
-0.294898
0.42414
0.860032
1.1435
0.09476
0.0379831
0.0553859
-1.68836
-0.139231
0.335136
-0.877376
0.376454
-0.000864173
-0.0994283
-0.21796
0.573313
1.48326
-0.50284
-0.531931
-0.0478694
-1.88585
-0.502492
2.02629
1.19923
-0.356635
1.68324
0.375277
0.743976
0.0111592
0.32956
-1.44337
1.45486
-0.775155
1.57466
-0.755078
0.830334
0.214961
-0.476392
-1.55536
0.796518
0.567259
0.853888
3.11214
0.280739
1.58801
-0.921747
0.425134
0.736197
-0.723729
0.149471
0.0098894
0.948124
-1.71252
-0.363082
0.699122
-1.32991
0.179412
-1.1281
1.29611
0.963996
-0.133237
-0.161244
2.05911
0.0651287
1.45302
-0.719284
0.330767
1.22687
1.38296
-1.27503
0.124238
-0.937365
-0.88678
-0.777609
1.77252
-0.0802951
1.2728
0.176999
0.85178
-1.89388
0.785556
0.5235
0.811
1.95577
-0.845818
1.05035
-0.0292163
0.585704
-0.49013
0.0488179
0.697362
2.22338
1.77785
0.0327543
1.17066
0.856722
-0.114105
1.21231
-0.974053
-0.201473
1.18506
-1.14969
1.39079
2.73094
0.555939
-1.70284
0.981572
-0.630748
0.593159
2.13415
1.70861
-1.23065
-0.938993
0.931465
-0.139737
0.40377
-0.752727
0.154268
-2.28447
0.866713
-1.89186
-1.4637
0.713291
0.431494
-0.573131
0.545782
0.204383
0.871852
1.60084
-0.460896
0.246929
0.383506
-0.67538
-0.639654
-0.000689376
-2.25181
1.44934
-0.82292
0.973298
-1.06001
-0.4131
0.138504
-1.50232
-1.96373
0.556048
0.10689
0.616256
0.626383
-0.434954
0.657125
1.22106
-0.0118497
0.872789
0.419839
0.878013
-0.531179
1.01779
-0.614331
0.477679
-0.513557
-0.624528
0.424897
-1.25127
1.44272
0.214888
-0.140217
-0.164225
-0.491032
-1.50591
-0.87092
0.170859
-0.846185
0.067464
0.735537
1.40363
2.28062
0.100269
2.4502
1.36398
2.38481
0.978341
0.544014
-0.459577
0.553472
0.691239
-0.795495
-0.466031
-1.35096
0.237104
-1.14019
0.0417883
0.988011
-1.59841
1.33391
-1.76453
2.01208
-0.54008
1.85995
-0.47991
0.232824
0.770046
1.00185
1.78007
-1.51148
0.558014
0.221438
0.0433976
-0.54805
-1.35821
-0.681578
-0.192637
1.54074
-2.33806
-1.15146
1.59941
1.13781
-1.89861
-0.46758
-0.667784
0.490616
-0.829585
0.905794
1.12914
0.00431815
-0.605746
1.72868
-1.16868
1.80909
-0.186151
0.830384
0.437553
0.95823
-0.0701645
-0.631725
-0.647033
0.483313
0.433621
0.751275
0.76404
0.19709
0.343011
-0.747968
-0.603185
0.241945
0.88106
0.565083
-1.20156
-1.02621
0.552884
-0.42998
0.239959
1.90094
1.36247
-0.241482
1.46319
-0.875503
-1.57784
-1.15063
0.16187
-1.06353
-1.51399
0.835244
0.519446
0.306898
-0.626097
0.590721
-0.424949
1.06637
-0.162652
-0.961236
-1.32505
0.649852
1.51559
-0.0615662
-1.02846
-1.13217
1.04899
-1.18564
0.0039274
-1.2375
-0.593428
-0.987215
0.0012208
0.611754
0.713805
-0.367285
-0.940809
2.0788
-0.409676
-0.376007
0.104771
0.752592
-0.338593
0.298544
0.420513
-0.527309
-0.485642
-0.236312
-0.658741
-0.0721486
0.496389
0.283055
-1.77221
0.593419
0.595334
-0.688329
-0.831933
0.494294
-0.0976695
0.0681036
-0.541555
-0.812369
0.100357
1.52885
0.517504
-1.0701
-0.515373
-0.0575899
0.628701
0.0827502
1.00864
1.45031
0.453516
1.25996
0.369407
1.5102
0.125909
1.76953
0.206072
-0.661314
1.8229
2.14678
1.67351
-0.189749
0.864885
-0.469128
0.0890983
0.80355
0.718637
1.12881
-1.38595
0.341631
0.578796
0.276083
-0.940895
2.30058
-0.0213867
-0.331633
0.484497
0.385535
-0.476211
1.41072
1.26455
-0.158322
-0.862642
0.0471757
0.909278
-0.201465
-0.227252
0.305947
0.797355
1.21574
-1.24731
0.56539
-0.505679
-0.49617
0.0815211
0.568058
0.626038
0.900437
0.0213432
0.576025
0.727644
-0.831978
0.82649
0.0391008
0.671705
1.51872
-0.490613
-0.177497
-0.575372
0.931684
1.21218
-0.300774
1.75531
2.4889
0.812087
-1.53216
1.80712
0.952918
0.291812
1.95534
-1.1438
-1.06278
0.33161
-1.14587
-2.96326
-0.783503
1.33561
0.272397
-0.150233
-0.754735
-1.29392
1.59846
1.15785
0.136941
0.70054
0.651424
0.402283
0.907491
1.75762
-0.666172
1.9517
-0.101799
0.532901
0.593684
0.566288
1.55931
-0.360133
-1.23441
0.0511886
0.120337
0.844353
-0.664528
0.201544
0.788916
0.67716
-0.609815
2.12412
-1.28528
-0.802848
0.525756
-0.863743
-1.07862
-0.864674
0.0570113
-0.640799
-1.41083
-0.812134
0.92677
0.303884
0.0671439
0.353344
-0.284989
-0.675338
-0.715528
0.634712
1.58848
0.624122
1.35237
2.04002
0.817258
0.754753
1.14617
0.140604
0.630524
1.326
0.270933
0.104441
1.30186
0.00972797
-2.15328
-0.443941
-1.20807
-2.05675
0.62468
1.0364
-0.539333
1.67132
-0.198757
-1.42041
-2.00109
0.496532
-1.09955
0.676709
1.83146
1.85354
0.425298
-0.503984
-0.234544
-0.815117
-0.511232
0.178283
-0.964255
-0.996529
-0.0516145
-0.0405329
-0.207127
-0.228471
-0.258818
1.22729
-1.36714
0.966529
0.326839
-0.739467
-0.275059
-1.5344
-1.00954
-0.00449994
0.0900571
-0.136221
0.200738
-0.573342
-0.236315
-1.00389
0.621851
-0.260985
-0.376872
0.220289
-1.41194
0.317922
-0.527885
-1.86509
0.213856
0.525899
-0.842221
1.73516
-0.565521
0.610679
1.31123
-0.806769
1.51897
1.39841
-1.46812
-0.56619
0.898424
-0.696161
-1.67555
1.94947
-2.67406
0.00810809
-1.06271
1.15316
-0.391741
0.93741
0.397465
1.29987
-0.300983
-1.46584
-1.1848
-0.212191
0.117402
1.3769
0.0902577
-0.442397
1.55406
0.243569
-0.0440685
0.720482
0.290943
0.550692
-0.20914
0.611286
0.820013
0.899877
-0.0607627
-1.53855
-1.22767
-0.904207
-0.822451
-0.536244
-0.885759
-0.497522
-0.899569
-0.058524
1.74836
-1.1236
0.269535
0.188164
0.387544
-1.1227
-1.89576
0.622681
-0.217832
0.122548
0.815443
1.12807
0.568843
0.198838
-0.765101
0.468678
-1.1267
-0.673136
0.923069
0.701304
0.693497
0.352954
-0.896702
0.0513202
-0.352659
-0.826272
2.21852
0.681757
0.0623228
1.1214
0.367684
-0.670149
-0.779774
-0.20615
1.28982
-0.421483
-0.0310848
0.287099
-0.594767
-2.36431
-0.615591
0.0659693
-0.844307
0.321574
1.32223
-0.405843
-1.20093
-2.11072
0.120748
-0.402961
1.22636
1.09073
0.0482312
0.182789
0.741352
0.381529
-0.0224883
-0.295231
-1.83997
-0.883912
0.447391
-0.835302
-0.659021
1.21031
-0.552307
0.647675
-1.00411
0.586548
-0.788151
1.05723
0.0854626
0.252426
1.95527
0.394055
-0.420142
0.518242
-0.711822
1.52579
0.00841347
1.03641
-0.317267
0.619064
1.05747
-1.14454
-0.19643
-0.360821
-0.620177
0.881782
-1.34368
-2.83892
-0.0307289
2.59763
-0.947022
-1.87577
1.25537
0.401442
0.359024
-0.661722
-1.42789
0.230717
0.450963
0.680752
0.656727
0.510385
0.15894
-1.53799
-0.709876
-1.54834
-0.36648
0.225187
-1.22175
0.968956
-0.323766
-1.46027
0.5072
1.34927
0.811236
-1.42735
-1.88129
-0.954735
-0.828986
0.358902
-1.04254
-0.118394
-0.82064
0.777144
-0.726306
1.30805
-0.563529
0.026825
-1.26792
0.317848
0.976264
0.788521
-0.299819
-0.610262
0.0527497
0.356871
-1.10268
1.40421
-0.0148052
3.15304
-1.06333
1.2965
1.79445
-0.190117
-0.0250429
0.543942
-0.554079
0.301386
-0.498877
-0.558822
-0.391509
-0.987633
-0.0262786
0.152516
0.79946
0.231766
-0.0338728
0.657349
-1.42537
-0.8026
0.297169
-0.516127
-0.0213152
0.14406
-0.287032
1.17514
-0.724957
2.02827
0.0524454
0.989326
-0.0661583
0.0394143
-1.31399
1.02567
-0.1994
0.537747
-0.275668
-0.493514
-0.708629
0.415549
1.70849
0.7672
-0.608945
-0.584428
-0.167811
0.850526
0.637063
0.867109
-1.66132
-0.908975
0.881501
0.645944
-1.48034
-0.0837722
-0.0677754
-1.86358
-0.49855
-1.41299
0.237668
-1.88483
-1.9725
-1.15176
1.74983
-1.21432
2.72909
-0.0412153
2.01331
0.086179
0.840694
-0.927171
-2.33745
0.593146
1.95115
-1.57398
-0.847874
-0.352576
0.680265
-2.48032
-0.92082
0.629303
-1.70939
0.589807
0.636559
-0.267397
0.0430797
1.25994
0.673793
1.17586
-0.477511
-0.156486
0.000819293
-0.841494
0.261822
-0.765123
2.04508
1.53569
1.37955
0.633833
0.685315
-0.809796
-0.630856
0.252655
-0.535087
-1.07181
1.78893
-0.11679
0.160719
0.448993
-1.03247
-1.64987
-0.0952737
-1.14506
0.921273
0.995125
-0.869567
-0.192382
1.68571
0.0809959
1.37857
-0.415736
-0.847974
-0.0595594
-1.72808
-0.179851
0.497912
0.366572
-0.793618
1.78527
1.93832
0.822963
-0.135281
-0.522357
-0.729916
-1.07644
0.4696
0.313364
-0.652351
0.0100109
-0.257916
2.32999
0.481382
-0.881223
0.709926
-0.337085
-0.436841
-0.868805
0.859059
0.0675235
0.116669
-1.35813
0.309012
0.356562
-0.525063
0.549415
-1.09627
0.818227
-0.234302
-0.614528
-2.25799
-1.47212
0.505537
-1.05233
1.27816
1.90645
0.269775
1.25791
0.718671
-1.53408
0.000740061
-0.0835291
0.951981
-0.562755
0.962077
1.90009
-1.52624
-0.64166
-1.72583
-0.319724
0.753618
0.736107
2.5733
-0.572779
0.409305
-1.2616
0.114991
0.0936677
-0.550338
-1.55385
0.1838
-0.176013
2.34597
-1.91862
1.82329
0.759572
1.72538
0.630598
-0.201377
-0.520954
0.211702
1.24627
0.899491
-0.109255
1.31564
1.37274
0.551232
0.267226
-0.970081
-1.12979
-0.0868213
0.906765
-0.905353
-0.189155
0.858329
0.0905162
1.62418
0.752506
0.698499
0.382522
0.219451
0.748129
1.47247
-0.960595
-1.0918
-0.238683
1.48003
-1.58709
-0.651357
0.372427
-0.429781
0.207175
0.495063
0.110318
-0.597159
-0.238813
-1.13106
-1.20937
0.902681
-1.52548
0.622064
1.98919
0.10627
2.50825
-0.848739
1.20466
-0.362626
0.055
1.63934
0.749111
0.507303
0.0299803
0.772115
0.971466
0.315316
-0.231552
1.20583
1.31933
-0.0748731
-0.545546
-0.550624
-1.15429
-0.172077
0.730388
0.377212
-0.0135856
-0.594424
0.867952
-1.47835
-1.19817
1.10252
-0.690872
0.742947
-1.36037
0.357422
0.689439
0.130135
0.539659
0.655482
-0.249463
0.822491
-0.231401
2.61637
0.0285352
-0.623214
0.616157
0.343449
1.02554
-0.0289134
-0.374522
1.99539
0.495126
0.30434
1.53564
-0.67267
-1.01109
-1.49354
-0.058349
-1.0358
0.568571
1.06414
-0.00953334
0.702636
-1.9077
1.7056
1.28519
0.164032
1.89947
-0.996106
-3.06883
0.038507
1.08344
-0.523754
-0.943028
0.206839
-0.0197612
-1.9162
-0.480019
0.0985214
0.776048
-1.79288
1.04408
-1.13205
1.04987
-1.00253
0.019579
-0.0493822
-0.0590913
-0.295665
-0.396257
-0.114635
-0.446502
-0.0271962
-2.65448
2.068
1.03361
0.3085
-0.535738
1.20076
-1.28696
0.0122699
-1.40182
-0.0404287
-0.203412
-0.71235
-0.66383
-0.0566524
-1.28949
-0.330467
-0.140525
-0.404786
1.06058
0.573749
-0.413025
-0.545079
0.140456
-1.36263
-0.556269
0.693372
-0.894633
0.162902
-0.00324694
-0.120935
0.677688
-0.263931
0.806549
0.574431
-0.0582149
-1.70389
0.203448
0.302866
1.58311
-0.0759168
0.639564
-0.85329
0.727462
-0.191912
-0.897832
-0.0528657
1.6893
-1.88331
0.0260877
1.22182
-0.11537
0.815172
-0.0122092
1.9668
0.562576
-0.100063
1.08252
-0.807606
-0.424403
-1.34354
0.605664
-1.34974
1.62677
-0.505853
1.1342
-0.508424
-0.615577
-0.381084
-0.26943
0.619712
-0.955167
-1.09427
0.175746
-0.58302
-0.849412
0.380104
0.676027
0.547974
-0.0267987
0.105353
-0.663382
0.0381874
1.15724
0.550729
0.762611
-1.39441
-1.24183
-0.211098
0.37747
-0.472769
1.52695
-0.115263
-0.00369058
-0.451122
-0.327343
-0.218639
-2.53881
-0.785959
-0.608897
0.952079
0.307787
-1.30115
-0.106864
-1.26262
0.491171
-0.240241
1.50334
-0.371904
-0.329313
0.613222
-1.69715
0.672791
-0.966095
1.20073
0.685939
0.783371
-0.121709
1.14161
0.346478
-1.10241
0.927482
-0.702401
0.49959
0.394858
0.511306
-0.6086
0.286194
0.614763
-1.19627
0.389403
1.6195
-2.3662
-0.753541
1.62781
-0.0854685
-1.58065
0.536377
1.86128
-0.990347
0.337425
-1.1386
0.0356001
1.64182
-1.06851
0.142739
0.554887
-0.256295
1.76208
0.179059
-0.957351
-3.36135
0.326499
-0.199334
-1.47083
-1.57433
-1.36248
1.01249
0.0233355
1.46801
0.954511
-0.689489
-0.373493
-0.272307
0.848546
-0.286028
-0.772964
0.0159419
2.45556
1.08259
1.21827
-1.4835
-0.463111
-0.330574
0.390691
-0.428437
0.239208
1.0526
-0.814811
-0.296485
-0.371777
-0.907879
-0.823439
1.88985
-0.11634
-0.542852
1.90537
-0.0667675
0.988573
-0.746747
0.0954746
0.113667
-1.3854
-0.183834
0.0304141
1.32156
-1.07969
-1.36158
-1.84563
2.02381
0.444431
0.205928
0.503952
1.85655
1.59967
2.04048
-3.50891
-0.655556
-0.653465
-0.101913
1.85859
-0.185018
-1.96904
-1.07116
0.430666
-1.17255
-0.137078
-0.154677
-0.440101
-0.93001
-0.492939
-0.460608
-0.0177613
0.519377
1.28843
-0.644705
-0.645487
-0.347885
1.22332
-1.85322
0.12492
-0.441927
0.586002
-0.565942
-0.948835
0.263913
-2.03675
0.363982
-0.586248
-1.02921
-1.49646
1.26668
1.57155
0.726756
-0.68039
1.86806
0.853091
-0.184953
-0.906376
2.3991
-0.990943
-0.0232145
-1.32901
-0.00848422
-0.999416
-0.254838
-2.15805
0.850165
0.644298
1.08482
0.797193
-0.570449
-0.0183089
1.19731
0.597014
-0.00253502
-0.725044
0.14171
-0.201322
1.43343
-0.242694
-0.972529
0.256495
0.493279
0.0375527
0.0608212
0.702799
0.646001
1.33443
1.67979
0.224817
-1.02682
-0.32995
-0.910596
-0.0259431
1.18438
-1.44268
-1.47569
1.20825
0.3668
0.960933
-0.827356
-0.223012
-0.682467
0.553735
-0.19012
-1.18667
0.0229028
-0.60196
-0.244444
0.541004
0.403846
0.0891023
-0.599491
1.83585
-0.496225
-2.09324
0.685779
-1.11235
0.721149
0.962598
0.0649909
-0.298168
-1.22418
0.193352
0.536696
0.936353
-1.31009
-1.10486
-0.0738005
-1.50291
-0.487192
-0.373633
-1.79498
-0.502829
-0.911122
0.834908
-1.38999
-0.528995
0.421596
0.573057
0.154199
0.17304
1.09906
-0.305791
0.232593
-2.43093
-0.880412
-0.80551
-0.51719
1.04787
-1.29299
1.39272
0.138651
-0.944195
0.440374
1.3315
-0.487514
0.181123
0.447652
-1.38991
-0.296125
-1.60726
1.18608
0.24293
0.709113
-0.537677
-0.825997
0.978075
-0.172841
-1.54462
-2.50825
-0.749145
-0.0954976
1.52295
-0.372391
0.579589
0.115461
1.03796
1.16798
-1.70939
-0.733192
-1.1728
0.540024
0.0444972
1.3628
-0.307114
-0.779975
-1.89372
-0.0272257
-0.543527
-1.02714
-1.41696
0.0130459
-0.858259
0.20388
-0.406856
-0.446602
0.41148
0.897321
-0.259833
0.0940962
-0.348308
1.44544
-1.29904
-2.14215
-0.31038
-1.95873
0.360352
0.0832036
1.61591
-0.378007
-1.4581
-1.43541
-1.13375
-0.277069
-0.922519
-0.543954
-0.996349
-0.15802
0.363047
-1.39579
-0.939841
0.385152
0.0639152
-2.69765
-1.85006
0.717549
-0.512068
1.39559
-1.06066
0.624992
-2.09904
-0.114141
1.45117
0.707848
2.58499
-0.597012
-1.52765
0.752629
-0.216861
-0.464032
-0.732032
0.13019
-2.29999
0.20803
0.850227
0.959787
0.267804
0.212008
-0.247102
-1.96013
-0.103435
-1.46445
0.312424
0.861347
0.278612
-1.70188
0.257258
0.560949
-0.602359
0.290076
-0.428593
-0.977172
0.214151
0.157462
0.544049
2.41632
-1.22773
-0.0400367
0.733961
-0.171961
-0.83604
0.124449
-0.138718
1.30633
0.0715733
-0.0868783
-0.880713
2.16361
0.101942
0.918355
1.50332
0.688204
-2.10086
1.85874
-0.0920293
1.50623
0.163594
0.703394
0.617752
-0.551332
-1.88562
0.843405
0.916034
-1.48724
1.3167
-0.762222
-0.0241434
-1.1636
0.171621
0.0367036
-1.04742
0.155858
0.392192
1.28911
-1.07887
0.892566
0.238995
1.86929
0.427703
-1.05632
0.170661
-0.799794
-0.180809
0.344212
0.365458
-0.376577
-0.00141038
-3.17698
-0.426669
-0.66226
-0.860644
-0.38738
0.739906
0.668344
-0.439832
0.271138
-1.56997
-2.46112
0.748643
0.521404
-1.24836
0.29718
-1.12196
-0.709
0.203569
-0.259751
1.22228
0.57484
-0.768695
-0.026313
0.735265
2.08868
2.80294
-0.492834
0.519925
1.29329
0.384701
1.42759
0.399783
0.530133
1.10034
1.29192
0.128307
-0.557972
0.0791966
-0.638359
0.250771
0.308906
-0.427488
-1.42957
0.0872855
-0.520812
-0.0339213
-0.52143
0.671488
0.213769
-1.35863
-0.525582
0.471936
1.20612
-1.46008
-0.203803
0.00737964
-2.11059
1.77926
-0.142953
0.0658323
-0.664312
0.19955
-0.474601
0.830972
-0.819968
0.51617
2.45628
-0.938531
0.784546
-1.15437
-1.044
1.3652
0.203955
-2.44253
0.557042
-0.53215
-1.98279
0.760814
1.23724
1.20042
2.35281
1.08578
-0.517265
0.848503
-0.227497
-0.312899
-0.847412
-2.25853
-0.0330241
-1.91416
1.22523
0.19744
-1.11857
1.09314
1.80094
0.00336384
-1.98451
-1.41061
0.350083
-1.28977
0.168438
-0.584972
1.60931
0.784489
-0.977942
1.03528
0.786864
-1.09358
0.0297408
-0.670726
0.527508
0.734167
1.05383
0.481192
-0.468658
1.25747
1.13461
-1.67256
-0.502534
-0.974872
0.0938034
-0.440111
-1.12911
0.523417
0.467551
-1.11194
-0.771029
-1.85955
-0.770177
0.757116
0.613702
-0.117914
-1.18596
0.691992
-0.977201
-0.560291
-0.149855
-0.508163
0.357159
1.20669
-0.0970447
0.109807
-0.931941
-0.28196
1.72898
0.650868
-0.351198
-0.554551
1.18578
-1.37601
-0.307193
-0.316369
-0.172909
-1.02289
-0.406547
0.730221
-0.425916
-0.100762
0.283776
0.435724
-0.511995
-0.00673298
-0.551211
-0.0209621
-0.839504
-1.04758
-0.57754
0.226591
1.13272
0.776101
-0.0998117
1.8064
-0.17248
1.13743
1.68264
-0.13139
-1.14035
1.00328
-0.0534988
-1.52602
0.149345
-1.46081
2.25747
-0.312734
-0.559026
0.0848169
0.715783
-1.41055
-1.5353
-0.967527
1.40109
0.586292
1.84135
0.570548
-0.350729
-0.432007
0.0883766
-0.0783618
1.28482
1.07016
0.909235
-1.16935
-0.394145
0.614721
2.15782
-0.447528
0.758068
-0.686183
-0.189136
-0.928944
1.76098
-0.255948
0.244121
2.0368
0.87382
0.315236
0.407293
-1.03289
0.964122
-0.446856
-1.34323
0.0516715
-0.167175
0.941686
0.402813
0.118665
0.403549
-1.77246
-0.0456415
1.15265
1.29398
1.71774
-1.70272
1.68299
-0.272346
0.92092
-0.720726
-1.31541
-0.246666
-0.668074
-0.196379
-1.37062
1.91512
1.05175
-0.257755
-0.485935
1.7461
-1.55096
0.994583
-0.239724
-1.17895
-0.84141
1.18091
-0.553464
1.82736
0.83405
-0.923969
-0.709425
0.411775
0.919385
1.71341
0.0209587
-0.160879
1.16345
0.859021
-0.717701
-0.207391
1.57013
-0.753515
-0.833108
1.07698
1.01697
0.079239
0.393968
-0.435319
2.03146
0.587561
-0.593273
-0.309308
-1.14083
-0.19733
-1.11908
-0.324511
-0.555196
0.535021
-0.0731487
1.32153
-0.399802
-1.41675
-0.362867
-1.28111
-0.681362
-0.936847
-0.780884
0.919276
2.388
-0.530899
0.242698
-1.44459
-0.094315
-0.137993
-0.265147
0.266071
-1.22629
-1.17511
1.71238
-1.19623
1.03155
-1.48833
-0.575343
-0.721541
-0.41643
-2.21613
-1.00135
0.410758
-1.61183
0.142582
1.67652
-0.314414
0.246323
0.673162
0.916172
-1.24081
1.3652
0.43141
-0.609855
-1.27565
-0.600139
-1.82333
0.341301
-1.60017
1.4886
-0.0919049
1.00619
0.136933
0.624166
0.184954
-0.334389
-1.51247
0.936179
-0.456698
-0.0951061
-0.0338496
1.99172
-1.75088
-3.12013
-1.75283
-1.48721
-0.172985
0.915908
-1.25975
-0.0321307
-0.502154
0.309779
-0.316386
0.189874
-1.04646
-0.43363
-1.47794
-0.362676
0.140552
-2.00847
-0.314626
1.12097
-1.67902
0.868671
-0.434805
-1.14639
-0.446378
1.29269
-0.0618221
0.947491
-2.17626
0.159128
0.165213
0.0569604
-0.379121
-0.859394
-1.01962
-0.794411
0.940058
-1.19337
0.183278
-0.760468
0.0962105
0.260135
1.5561
-1.00686
-2.7165
-0.353221
-2.37433
0.843334
-1.81376
2.18085
0.452367
0.963033
-0.911145
0.609848
0.141018
0.229596
1.49562
1.08298
-1.14164
-0.0322595
-0.181496
-1.06255
-0.203851
-0.505634
0.113859
-1.79287
0.263669
0.0704767
1.25521
2.11128
0.170436
-0.942762
0.540371
-0.361593
0.66115
1.33586
-0.983803
0.226727
0.982885
-0.216635
1.66782
-1.12055
0.918456
0.378477
-0.595239
1.10564
0.575815
-1.18213
-0.910428
0.355777
-1.51766
0.197814
-0.950794
1.20386
-0.703348
-1.30609
-1.13325
-0.168034
-1.06208
0.0685072
-1.20405
0.520869
1.58873
-0.102728
-0.566595
0.564553
-0.069393
1.07324
0.0570402
0.275708
-1.942
1.53973
0.175185
-1.2222
2.7616
1.13784
-0.691703
-0.88159
-0.702732
1.03839
0.973662
0.577722
-0.355362
-2.3077
-0.384171
-0.198747
-0.775882
-0.869615
-1.23204
-0.526321
2.19901
1.4603
0.416235
0.731172
0.250512
-1.86533
0.900671
-0.10902
-1.17449
-0.114521
0.592458
0.655221
0.462381
-0.482579
0.0537046
0.974697
-0.216051
2.08259
0.826411
-0.131749
1.26421
0.714733
-0.0901432
0.764491
-3.15168
0.246158
-2.49674
-2.86456
0.392794
0.836864
1.21022
0.0860989
-1.94947
-0.853428
-0.778332
-0.507321
-1.01715
-0.832412
1.15276
1.13553
-2.37563
-0.297143
-1.49385
0.102326
-0.445646
-1.52586
-1.30388
-0.989876
-0.240487
0.767138
-1.31613
0.522479
-0.160103
0.437321
-0.920799
0.519749
-0.010211
1.69613
-1.63568
0.141225
1.00941
1.06731
0.213321
-0.347181
0.265096
-0.220407
0.457097
0.323217
0.927871
-0.0996215
0.269819
-0.773682
0.394319
-0.0204658
-0.657114
-1.23786
-1.74064
0.72613
1.00195
1.70773
-0.143565
-0.80954
0.205451
0.548702
-0.178741
0.629492
1.02883
-0.639815
0.381729
-0.204452
-0.0938439
-0.601958
0.738001
-1.03011
-0.437106
-0.983802
0.26992
-0.399551
-0.909362
-0.898976
-1.14556
0.0078767
-0.946238
1.18655
0.491348
1.07073
0.473679
-1.87664
-0.296605
0.998857
-0.901614
-0.0468592
1.43495
0.273468
-0.144885
0.111255
-0.171185
-0.8995
-0.31943
-0.139361
0.92197
-0.552989
-0.717817
-0.177954
0.258223
-0.0605814
0.239208
-0.614344
0.0963526
0.149325
0.0707479
0.0713124
-0.336584
1.9251
-0.865907
2.75217
-0.566399
-1.70189
-1.17818
-1.08326
1.48071
0.139462
-1.19987
-0.692754
-1.08698
1.05184
1.00309
0.0752928
0.243921
-1.16337
0.893624
0.608693
0.137073
-2.27472
1.05087
0.244358
0.00296827
0.442921
-0.253048
0.819941
-0.0493684
1.71005
0.0731391
2.13056
-0.206781
0.635372
-1.10415
-0.289547
-0.472076
0.673328
1.04278
-0.95864
0.934689
-0.156284
0.880617
1.18688
-1.22129
-1.11997
0.187319
0.520056
-1.31166
0.779513
-0.902604
-0.963004
0.43498
0.49904
-1.0593
-0.0503864
0.622331
1.12979
1.31875
0.437023
-0.612455
0.504739
0.537752
-0.198413
-0.529119
-0.16886
0.531946
-0.0304186
-0.82626
-0.598212
-0.666122
-0.636972
0.646398
0.14985
-1.76849
0.758479
-0.106294
-0.852085
0.540861
-0.0765481
2.43228
-0.403583
0.23085
0.826818
-0.103843
-2.80293
1.33457
0.205322
0.616783
-1.25248
0.970545
-1.56043
0.835783
1.16209
-1.0232
-1.08766
-0.102378
1.98479
0.265611
0.0468967
-0.342601
-0.304491
1.19994
0.176655
-0.860973
0.507015
1.86339
0.371363
-0.187441
0.228595
-0.853983
0.253508
0.445737
0.561939
0.611207
-1.35631
0.725332
0.63673
-0.481965
-1.10343
1.59438
-0.107262
0.329984
1.01992
0.137806
-1.35858
0.370583
-0.227131
1.18757
-0.322702
0.0387974
-1.81877
0.935878
-0.726831
-0.373782
1.60148
-1.58333
-0.121552
1.20592
-0.112199
0.382997
0.06387
0.046703
0.208052
0.852637
0.703253
1.6178
2.17028
0.693434
0.112344
-2.29741
0.463337
0.631245
-0.379483
0.528735
0.520856
-2.15641
-0.0176179
0.504273
-0.249224
-1.11731
0.318777
-0.562294
-0.199184
-1.75075
1.6298
0.52991
0.0412034
-0.547687
0.0594322
0.111389
-0.38458
-1.59693
1.15644
-1.12467
-1.07923
-0.840493
-1.01177
-2.07788
-0.444778
-0.18799
0.638517
0.400594
-0.197308
-0.0875164
0.0391179
-0.0689371
-0.240467
0.366218
-0.778235
0.0963312
-0.50176
-0.959903
-2.00887
-1.52632
-0.703128
-1.22547
-1.80783
0.349082
-0.139795
0.0187803
1.84004
0.594247
0.155631
-0.031092
0.277006
-0.901383
0.241615
1.4592
0.617206
0.605811
-1.44218
-1.14267
-1.45092
1.43319
-0.00626444
0.752612
-1.16682
1.28512
0.805064
0.352068
-1.14646
-0.949179
0.384823
1.34952
0.268824
-0.875603
-1.59604
-0.915892
-1.19074
-0.562821
-0.71848
0.528416
1.86029
-0.134195
-0.615934
-0.990849
0.307942
1.52739
0.361028
-0.175965
-0.199408
0.0437561
-1.26324
-0.339137
-0.675814
0.228685
-1.57817
0.212313
1.72345
-0.31948
-0.274212
-0.914057
1.0892
1.28045
0.11828
1.40341
0.320705
-2.26552
1.2589
0.0558496
0.582984
-1.65236
1.0041
0.759324
-0.00087922
0.839509
0.717711
1.05009
1.02324
-0.125797
-0.894025
-1.15924
0.794816
0.246572
-0.0284078
0.666927
0.986926
-0.609679
0.0132156
-0.0135264
1.67137
-0.618835
-0.211857
0.800433
-1.98225
0.939786
-0.771304
0.608726
0.524797
-0.463432
0.819026
1.57054
-0.236252
-0.235378
0.0941913
0.0315359
-0.530507
-1.42646
1.45952
-0.989859
1.42742
-0.788917
-1.28309
0.089925
1.1703
-0.905137
-0.975129
0.281605
0.437201
-1.544
1.383
0.205405
0.330361
2.40816
-1.29612
-0.883524
-0.495179
-0.0940313
-0.918932
-0.387282
1.40842
0.495507
-0.422618
-0.535699
-0.0159518
-1.23581
0.759924
1.20853
0.51003
-1.8178
-0.164114
-1.23539
0.307967
0.489694
-0.0230492
0.729847
0.781506
0.883662
0.277323
0.623167
-0.117791
-0.152138
1.03604
0.815468
-1.06767
-0.673932
0.0681792
-0.0976981
-0.76022
-0.365181
-0.0662548
1.70758
0.823192
-1.50262
0.401856
0.455411
0.597205
1.8196
-0.430615
0.175545
-2.17865
-0.646282
1.16226
-0.80767
0.244231
-0.0889602
0.511008
-0.226532
-1.89473
0.204277
0.106613
-0.284032
-0.224378
0.0402287
-0.331799
-0.0879472
0.940246
-0.553655
-0.244754
-0.35666
-0.653305
0.384526
-1.38992
0.131899
0.790227
0.48639
-0.413019
-0.726254
-0.743527
1.4752
1.49636
-0.888772
-0.432982
-1.49536
-1.9453
1.55334
-0.403293
1.3898
0.360365
2.413
0.647876
0.431642
0.777829
-0.601069
-0.209562
-0.0916171
1.35837
-0.817586
0.817797
0.0339333
-0.775191
-0.632448
-0.92284
0.165216
0.454774
0.342535
1.73111
1.18869
-0.0971992
-1.24409
-1.15698
0.432157
-0.798154
2.80387
-0.799242
-0.186283
0.0398568
-2.008
-0.649053
-0.0161858
0.189972
0.350192
-0.482997
-0.329697
-0.141433
-0.827073
-0.177936
-0.456165
1.01606
-0.880979
-0.655448
-0.803171
0.271995
-0.153558
0.44099
-0.0694033
0.822032
-1.68778
-0.0817169
0.563351
-0.471042
0.00605188
-0.88113
-1.70458
-0.170731
0.525142
-0.631782
0.693115
0.470583
0.0821621
-0.486677
-1.28448
-1.31788
1.16633
-0.698548
0.0949096
1.73009
1.22762
0.903678
0.597021
-0.539247
0.00674277
-0.275625
1.11936
-1.07924
1.21672
-0.282272
0.460363
0.453479
-0.554716
0.277187
-0.529421
0.0394364
-0.576168
0.41006
-0.114798
0.0516393
0.814003
-0.154
1.31777
0.382047
0.366336
-1.48083
0.67731
-0.087357
-1.11559
-0.40368
1.29842
-0.550944
0.0552195
0.561783
-0.7394
0.434057
-0.296685
-1.24114
0.259748
-0.798352
0.198792
-0.31843
-1.22562
-1.73704
-0.23091
0.559983
-0.313404
-0.310485
-0.426064
0.266346
0.544523
0.773699
0.821599
0.551661
0.061573
-0.025422
1.70879
-1.84401
0.548361
0.330526
0.595685
1.04846
0.101935
-0.885255
-3.24184
0.858362
0.347133
-0.20255
0.551127
0.204796
1.11307
-0.322407
0.427114
-1.05434
0.124604
-0.855617
-1.9668
0.0901561
1.06787
-0.395799
-0.719185
0.305784
0.796586
0.488413
-0.49348
-0.0542608
0.566757
-1.06644
-0.0686098
-0.294569
0.20318
-1.87921
0.332777
-0.0293924
0.0343158
1.59706
-1.01229
-0.585641
-1.87668
-0.338518
-0.706718
-2.76244
1.31328
-0.911782
1.66343
0.135266
-0.324507
0.198208
-0.700721
-0.0328808
0.271549
0.0617552
-0.709064
1.30916
0.631369
1.02621
-1.20077
1.40513
-0.389043
-0.692366
-0.84053
-2.28332
0.898043
-1.55102
-0.88974
1.18349
1.22471
0.339755
-0.588278
0.497934
-0.49936
-1.05298
-1.39055
0.778462
-0.268642
0.354264
0.540163
0.050179
-0.648308
0.582496
-1.64353
-0.643018
-0.575867
-1.91977
-0.104905
-0.389363
-1.0203
-0.115443
-1.00617
1.30728
0.150659
0.128148
0.194048
0.895171
1.38727
1.11352
-0.488711
-0.850037
-0.509027
-0.279111
0.931975
1.92275
-0.115405
1.78101
-1.04582
1.21413
-0.165798
0.0242592
2.115
1.38105
-0.755656
1.46514
0.617759
0.454191
-0.575821
0.086756
-1.33364
0.0102124
1.196
0.890364
0.325199
-1.39585
-0.45479
1.12204
-0.0183514
-0.683983
0.0927303
-0.179451
1.02385
1.23668
0.346628
-0.627714
-1.02618
1.06539
-0.584941
1.28607
-0.291706
0.340298
0.0903387
0.966105
-0.956032
-0.441414
0.0999056
1.78211
0.818594
-0.228438
0.991138
-0.469685
-0.178416
0.38878
0.180161
0.226939
0.185806
-1.38866
-0.717938
0.487213
-0.829009
1.68889
-0.949231
0.834139
-1.8346
-0.534796
-1.62219
-0.532124
0.39143
1.52732
-0.331964
1.28707
1.99225
0.135029
0.884988
0.665645
-0.582677
-0.838103
-0.867876
0.313796
-0.382889
1.15682
-0.555271
-0.266409
-0.359068
-1.14582
-0.224669
0.442376
-2.81775
0.0116621
-0.90258
0.112066
-2.25355
-1.09618
1.0052
0.388165
1.39165
1.20136
-0.117949
0.139372
0.162916
0.761715
1.18606
-0.267102
-0.871249
0.773707
2.28697
1.41813
-0.490022
-1.1585
-0.408294
0.343401
0.901775
-0.0714158
-0.567052
-1.72144
-0.240205
-0.226578
-0.56465
-0.993136
-1.8255
0.94829
0.440509
-0.745172
0.781482
-0.409564
0.295081
-0.564956
0.0157051
1.52448
-0.0199474
0.642918
0.35161
2.35179
0.027056
0.176382
0.334789
0.630247
-0.852765
0.953722
-1.26681
-0.147984
2.65798
-1.30242
-0.830362
-0.169655
-0.545408
-1.20764
-0.676743
-1.30937
0.920353
-0.713938
0.0701465
0.560297
0.668397
-0.919505
-1.00588
-0.581535
-0.60113
-0.0393722
0.552904
-0.434571
0.35682
0.0623843
0.0992212
-1.57788
0.943311
1.11074
-2.11363
-0.00187368
-0.612506
1.8986
0.835503
0.358442
0.923495
0.0548938
-0.144747
-1.16342
-0.686769
-0.828272
-0.71674
1.91095
-1.04901
-0.249064
-2.0614
0.550034
1.36043
0.44508
-0.638582
0.226092
1.23092
0.94489
-0.130122
2.16353
0.55805
0.391286
0.3823
0.722389
-1.33522
-0.2201
-0.176586
-0.50649
0.586223
