-0.601507
-0.662223
-0.163786
0.35366
1.71755
-0.798722
-0.471324
-0.355045
0.563347
-2.05586
-1.25349
-1.59115
-0.190908
0.353986
0.232688
0.776296
-1.6376
-0.621706
-0.168052
-0.470554
0.050319
0.872145
-0.332483
0.261793
-1.55632
2.32826
-0.033704
-1.44245
0.708767
0.849211
0.0663346
1.10075
0.382393
-0.239846
0.811416
-0.786782
-1.653
-0.974059
0.422042
-1.69075
0.0523872
1.88666
-0.596565
-1.5772
-1.04922
-0.0232959
-0.34894
-0.50016
-0.104649
0.0730829
0.967931
0.351869
0.74847
-1.13753
-1.4812
1.08463
-0.726581
0.203154
0.0482511
-1.06906
-0.455312
-2.27123
0.22013
-0.142191
-1.05989
0.449296
-0.353578
-0.105034
-0.750598
0.310892
-0.784698
1.58387
-0.940076
1.44811
0.865896
1.01662
1.30069
-1.51527
0.00738218
-1.11332
0.751105
0.443633
0.780957
0.645833
-0.314266
-0.586087
0.301753
0.0806787
-0.587631
-0.75639
-0.272813
0.476116
-0.0297241
-0.336528
-0.346909
-0.258074
1.52941
0.773198
-0.737783
-0.350648
0.665084
-1.56225
0.840793
0.983942
0.186858
-0.17737
-0.46143
0.840793
0.851187
-0.576937
-0.00830019
-1.70171
1.15509
-0.506412
0.504586
0.363041
0.10688
1.168
-0.206278
0.426143
-0.525814
1.06097
0.145128
0.232059
0.89509
-0.166423
-0.194727
-0.569364
0.274242
-0.741605
-1.09196
1.73417
0.755677
-0.728076
-0.272813
-1.7352
-1.86228
0.856253
-1.27303
-0.434199
1.08477
-0.400397
2.24575
-0.345528
-1.63907
0.945205
0.341065
-0.293836
-0.284583
0.932251
-1.95486
0.989668
0.874385
-0.887806
-1.16272
0.826607
0.748268
-1.63005
-0.0415124
-0.878879
-1.05135
-0.511724
-0.0505488
-0.510591
-0.302153
-0.904263
-1.12837
-0.252857
-0.642726
-1.01816
-1.40289
1.19976
-3.35506
0.630734
0.754863
1.61577
2.29828
-0.225777
-0.443633
-1.70106
1.52719
-0.538064
-1.0246
-0.977384
0.598302
0.568555
1.04011
-0.66413
0.637375
-0.397498
-0.192934
0.619388
1.6186
-1.46311
-0.494188
-0.0180929
0.106419
-0.746751
-0.517925
-0.553066
-0.299752
-0.34147
1.03972
1.49112
-1.6518
-0.768256
0.891214
-0.936156
0.805476
-2.27224
-0.995552
0.608305
-1.18296
0.678986
0.440175
-0.574048
-0.325538
0.570264
-0.982701
1.68377
2.39947
0.586541
-0.593643
-1.5426
0.881922
-0.310732
-0.415612
0.371388
-1.07395
1.85454
-0.363613
0.301753
1.43857
-1.24034
0.415362
2.02757
0.650363
1.02163
-0.787512
1.78978
1.70892
-0.337662
-0.977877
0.187637
0.737482
1.50927
0.260685
-0.336366
-0.0465662
-0.684197
-1.10272
1.39334
0.587995
1.10553
-0.732971
1.07395
1.60182
1.04261
1.47686
1.36872
1.84902
-0.563257
1.28586
0.931896
0.923075
0.938649
-0.212691
0.154102
0.583454
1.54866
-0.679564
0.704152
-0.255386
2.92189
-1.8087
0.679083
0.338472
1.11119
-1.11275
-1.15315
-0.880794
-1.04565
0.000114748
-0.847457
-2.01635
0.663176
0.34699
-0.424469
1.79551
1.28972
-1.2473
-0.0339336
0.573778
-0.395099
0.496696
1.16152
-0.217936
0.680432
0.455737
-0.683134
0.0757678
-1.23704
-0.42246
0.102111
-0.163011
-0.831137
-1.15957
-0.10042
-0.369503
1.04737
0.249463
0.796304
-1.76238
-1.76419
0.376392
1.16287
1.24034
0.287293
2.33757
-0.71923
1.20433
0.578926
0.112806
0.194259
2.35557
0.232766
0.366474
-0.586632
-0.134699
1.25871
0.406705
0.34699
0.3203
-0.697405
-1.5576
0.901388
0.797145
-1.52842
-0.166733
1.4895
-0.0134259
-0.0579035
-0.0151855
-1.16032
2.05903
-0.463388
0.306079
-1.47413
-0.70582
2.6627
1.68503
0.971849
-1.09127
-0.59757
0.203466
-0.167974
-0.532326
0.672354
0.959532
-1.54562
-1.45667
-1.64053
-0.720519
-0.367538
-0.3422
0.0366127
-1.01559
0.322555
0.213473
-0.146984
0.330867
-0.176903
0.0249794
0.269876
-0.0755376
-0.175738
-0.335557
-0.920034
-1.16498
1.42029
1.16272
0.545505
-0.408367
1.52818
0.129375
-0.457095
-0.828439
-0.428909
-1.6379
0.936038
-0.039828
0.800091
1.04143
0.802833
1.54184
-1.46535
-2.10795
-0.316276
0.0375314
0.107419
-0.35252
2.09268
-1.89259
-0.680432
0.736478
-0.282911
-0.431091
0.0961152
1.82625
0.188416
0.0245968
0.280682
0.0590529
0.993044
-1.15628
1.17591
-0.342606
-0.25507
-1.54663
0.224521
0.180945
-1.23442
2.20569
0.137865
0.665466
-0.0849773
1.66604
-0.0683281
0.680818
0.15178
-0.88226
0.434199
-1.53709
-1.23196
0.272654
0.559943
0.116272
-0.66642
-1.67406
0.869351
1.56251
-0.659939
0.832543
-0.403383
0.854379
0.730272
-0.181334
0.0830581
-0.75283
0.905069
-0.112037
0.0977293
-1.35806
-0.960745
1.17073
2.23726
-1.11759
-0.778987
-1.18142
-0.569634
0.379678
-1.3869
-0.300632
0.347802
-1.85029
-1.88939
2.60165
-0.919801
-2.03601
1.33142
0.615315
-1.12548
1.11474
0.659654
0.399155
-0.357898
-0.677735
-1.05361
0.094732
-0.538417
-0.907838
0.452683
-0.395678
0.142269
0.613006
1.0611
1.08119
-0.696137
0.782411
1.77186
1.5267
-0.638219
0.495311
-0.708374
-0.111575
0.28522
-1.93658
0.614853
-0.0493233
-1.80051
-0.584997
-0.391379
0.412778
1.46871
0.602608
-0.373684
-0.229623
1.48996
-0.531356
1.35576
1.24017
-1.29749
0.501201
1.03409
-0.388573
-1.69235
0.0994973
-0.516963
0.783034
-2.28768
1.1971
-0.263852
0.151316
-0.875058
0.734473
0.272813
1.46044
-0.543908
-0.822953
2.08657
-2.51143
0.531797
-0.484788
1.00755
-0.622449
-1.00084
1.31182
-0.95012
-1.72326
-0.357571
-0.543465
-0.569544
-1.35098
-0.249226
0.302713
-3.02304
0.627937
-0.151006
-0.0966532
1.42176
0.407453
0.0275047
-1.94412
-3.45547
0.842537
1.22351
0.471922
-1.68693
-0.0681747
1.3211
-1.10103
-0.434451
-0.945564
0.329978
-1.98741
1.6312
-1.08449
-0.512596
-0.854489
-1.50855
-0.86445
2.03117
-0.0334744
0.711326
1.16242
-0.836227
-0.729173
0.178224
-0.169448
-0.818025
-0.392288
-0.22821
0.388903
-0.014803
-0.826607
-1.80284
-1.15554
-0.818881
-1.11816
0.507978
1.40988
-0.800197
0.805899
-1.20877
-0.722404
-0.530828
-0.796724
-0.00187422
-2.02817
-0.298072
0.84112
0.49583
-1.00223
-1.02823
-1.82788
-1.15479
-0.96111
-2.01869
-0.80664
0.771342
-1.93958
1.00552
1.70106
0.644609
-1.37087
-0.696917
0.921905
0.111806
0.397498
-2.0146
0.60987
1.94159
-0.649229
-0.00325119
0.119507
-0.155341
-1.24348
-0.769078
0.235754
0.283627
0.893151
1.578
-0.464666
-0.0585165
1.21179
-0.59693
2.82692
-0.166345
-1.95228
1.39293
0.337743
0.3358
0.693508
1.15792
1.64585
-0.948439
-0.154489
0.17939
0.48806
-0.384946
-0.948439
-0.682555
2.29614
0.220287
0.326184
0.224835
-0.863228
-0.839922
-0.368521
1.58013
0.779091
0.477402
0.187481
-1.52941
0.746043
0.358305
2.27528
0.758734
-0.393114
-1.82423
0.440007
-0.0552984
2.26622
1.34302
0.0469491
1.11745
1.29095
-0.702291
-0.394768
0.930126
-2.14691
-1.5772
-1.22303
0.936275
-0.428071
0.0443454
-0.442621
0.975535
1.41092
-1.43964
-0.813118
-1.75913
-0.515739
-0.269956
0.0380672
-0.373027
0.179624
-0.934142
0.601049
-1.21498
1.72259
0.122435
-0.0523872
0.913397
-0.942817
-0.907492
1.11446
-0.231666
-0.562182
0.736779
0.253805
1.16062
-0.178769
-1.6243
0.161383
0.612175
-1.32385
-1.87544
0.903688
-1.16559
-0.450989
0.0455707
0.109189
-1.19194
0.217388
0.53118
-2.51143
1.73935
0.107727
1.07518
-2.05459
0.750497
0.280125
1.19257
2.20395
0.23371
-0.0323263
0.818881
-2.27938
-1.17621
-0.026969
1.06527
-1.04909
-1.08739
1.6882
0.00447518
-0.582729
1.82101
-0.00172122
0.443718
0.533384
1.09823
-0.218328
0.730671
1.28028
0.888827
1.84313
1.0413
0.182656
0.124285
1.38991
-0.677831
-0.134159
-0.581098
2.47059
-0.75527
1.18004
2.00824
0.353578
1.14075
0.899897
0.400978
0.833408
1.20086
-1.3344
0.117119
-1.9528
-0.372699
0.420955
0.175116
0.50911
-0.618739
0.691757
-2.4119
0.237878
1.0021
-0.0739266
0.832326
0.493842
-0.351381
1.26158
-0.43908
-0.432519
0.480576
-0.710341
-0.894519
0.525287
-1.73382
-2.34948
0.488491
0.642162
-0.440597
0.851957
0.528011
-0.233159
0.0454175
0.501635
0.180323
-0.0437329
-0.410863
0.75212
0.276308
0.600774
1.46894
1.27028
-1.85583
0.478688
0.103496
-1.2498
0.740095
1.28516
-1.74109
0.900355
-1.78525
0.958321
-0.564961
-0.567386
-1.46467
-0.733071
-1.39152
-0.322152
1.81264
-0.492373
1.05614
-1.03552
1.9146
-0.198002
0.525199
-0.341633
-0.790959
0.18149
1.88893
-0.440344
-0.90553
0.117273
-1.70302
-0.802728
1.59278
1.31799
-0.133464
-0.492201
-0.0912746
0.402139
1.89489
-0.452006
1.52842
1.09057
1.69556
-1.1206
0.133387
2.51684
-0.312739
-1.11617
0.215195
-0.585723
1.40024
0.502068
-0.78574
1.02305
0.405375
0.485735
-2.41471
1.61099
0.0921965
0.53559
-0.199641
-2.1363
-0.568375
1.4851
-0.564872
1.22724
1.41507
-0.675426
0.358795
1.3871
0.0485574
0.191375
0.943772
-0.576847
-0.320541
2.01752
-0.59492
-0.524322
-0.710046
0.25262
1.05308
1.96583
0.762616
1.39983
-0.802306
0.248358
1.26243
-0.302713
-2.15777
0.424971
-1.21259
1.44419
-0.0373782
1.28638
0.261793
-0.122281
-1.13388
0.442452
-1.23343
0.641974
-1.31672
0.128912
-0.429329
1.14413
-1.77222
-0.379103
-2.40771
0.478174
1.3861
-0.335638
-0.643761
-0.683521
0.274322
-1.08684
-0.0940404
2.01518
0.730971
-0.0106718
-0.819951
-0.425306
0.963054
-0.872257
0.133387
0.470298
0.170846
1.13724
-0.728974
-0.466542
-1.44549
0.496782
1.50403
-0.656899
0.387088
-0.434872
-0.4033
0.473804
-0.176592
0.64753
-1.27268
0.712114
-0.896804
-0.453786
-0.482896
0.529331
-0.784698
1.36328
0.810565
0.444562
0.601507
-0.622913
0.400563
0.228524
0.213082
-0.25665
-0.0152621
-0.490733
1.24265
0.0226072
0.493237
-0.694092
-0.651498
0.828223
-1.26635
1.46939
-0.966587
1.54587
0.700139
0.307362
-0.268052
0.0591296
0.472093
-0.298792
0.910614
-0.838943
0.147216
0.664607
0.197456
1.04261
-0.358632
-0.102111
1.74494
0.11042
0.242839
-0.402139
1.47096
0.160298
-0.378692
0.902308
0.570174
-0.536738
0.730871
-1.3847
-0.403549
-0.697405
-1.26311
0.118891
0.0766117
1.73624
-1.47982
-0.0879719
1.05628
-0.916536
0.140337
-0.325538
0.226091
1.50332
-0.180401
-0.461515
-1.15137
1.33645
0.118197
-0.109266
-0.329493
1.11176
0.409947
1.63848
-1.59034
-0.33119
-0.447689
1.03513
-0.461175
0.314025
0.115347
1.06298
0.0713955
0.496869
-0.826607
0.135394
0.414861
1.19335
-1.64289
-1.05042
-0.628216
0.244888
-0.486079
-0.792528
-0.527484
-0.33831
0.364757
0.0598193
0.908069
-0.123746
0.0297241
-0.164019
1.255
0.470384
0.701313
1.3849
0.478946
1.33161
-0.258944
0.588905
-1.87323
0.801884
-0.298392
0.633724
0.102111
-0.821665
-0.111421
-1.65903
0.0206943
-1.21418
0.688166
0.688069
0.282114
-1.49229
-0.454125
-1.68156
0.77392
-0.665561
-0.84341
0.263376
-1.03005
-0.688457
-0.859237
0.924834
-0.00348069
-0.417781
-1.34965
1.35941
-1.51527
0.453192
-0.452683
-0.251752
-0.881132
2.60848
1.39092
-1.59169
0.355696
-0.638594
0.492287
0.798091
-1.6032
1.64348
0.0425077
0.0801414
-0.228131
-0.546216
0.648474
0.424803
1.27406
-0.687294
-0.304235
1.89213
-1.03762
-0.075691
-0.471324
0.534442
-0.921671
-1.30372
-1.149
0.705918
2.07457
0.18079
0.391049
0.0218421
-0.921905
-0.376967
-1.45711
-0.526429
0.288808
0.634753
0.0403639
-0.903227
-0.489181
0.272098
1.69107
1.17652
0.551017
-0.31499
-0.00845319
0.0500126
0.123591
1.3387
0.664988
-0.880906
-0.335314
0.540984
-0.290243
0.909341
1.78638
-1.17652
0.320541
-0.160066
0.662033
1.32938
0.528539
-0.451243
-0.229152
1.16287
-1.6536
-1.22464
0.793262
1.39172
-0.435629
-0.512596
-0.450566
-0.8346
1.81027
-0.368439
-1.34927
0.960139
-0.513032
0.583817
0.409781
0.561913
-1.07123
2.05649
1.25651
1.57034
0.470127
0.161073
1.35537
-0.0523872
0.326991
-1.42134
-0.823919
-0.255781
0.197066
0.799354
-0.453701
-0.0227603
-0.43647
-0.559228
-2.34948
-0.0111308
-0.495571
1.15092
-0.949039
0.699162
0.60325
0.448281
0.408949
0.191921
0.409781
-1.88757
-0.891101
-1.86707
0.495657
-0.769592
-0.388985
0.183746
-0.614299
2.46576
-1.18775
-1.03109
-0.120123
1.95589
0.62533
-0.970623
-0.961474
-0.032862
-0.255623
-2.02282
0.478431
0.797881
0.432603
0.170923
-0.232452
-0.590908
1.69043
-0.825531
0.526253
0.524058
-1.54436
1.51071
0.987797
1.11602
-1.17028
-1.05668
0.828115
1.59441
1.16378
-0.253568
3.01574
0.897148
0.526429
-2.07129
0.520551
0.189817
-0.703564
0.631668
-1.08587
0.442789
-1.09502
-0.827146
-1.02383
0.584362
0.454549
0.355778
-0.350404
0.120663
0.891556
-0.309528
0.325942
-0.0940404
-0.0768419
0.352194
1.28098
-0.491769
-0.0418186
-0.694286
-1.04697
-0.409199
-0.979606
0.332564
-0.00852969
-0.264881
0.89875
1.13694
-0.675715
-0.0425843
-0.978371
-1.70859
1.54235
-0.690689
-1.44419
0.46603
-1.50593
-0.372453
-0.0508552
0.303835
0.506499
-0.303034
1.39192
-2.01518
0.0775324
-1.06771
0.220914
0.924247
0.475345
-1.32128
-0.452344
-0.201358
0.559496
0.695552
-0.205497
1.16197
-0.943891
0.69341
0.377213
-0.238193
-0.617628
-0.105649
-0.0668713
-0.17939
0.831029
0.736578
0.770518
2.54899
-1.8554
-1.20338
-1.56772
0.937224
0.525199
-1.14634
-0.0804484
0.784803
0.565231
-1.41237
0.387913
-1.85583
0.867566
0.258548
0.615315
0.453701
0.640283
0.504586
-0.289924
-0.990167
-0.780853
0.187559
-0.225227
-0.765587
-0.842974
-0.211361
0.440597
0.35195
0.59876
-0.0972681
1.04116
0.261159
1.55503
0.20128
1.40926
2.06934
-0.0906601
0.802622
0.510591
-0.776709
0.713791
0.723199
-0.184368
-0.787616
0.453446
1.19008
0.891784
1.36892
0.702585
0.874049
-0.411446
1.32459
0.261239
-0.896118
-0.372781
0.948559
0.735976
-0.174806
0.796724
0.925538
0.0392156
-0.863006
1.40003
1.09991
1.77333
-0.0317905
-1.2463
-0.793367
1.02447
-1.84691
1.09238
0.799565
0.106034
1.04644
-0.795254
0.610239
-0.0785299
0.351869
0.58282
1.66024
0.2105
1.398
-1.35461
1.63034
-1.38851
0.198158
0.696332
0.358469
2.14234
0.611899
-0.285061
0.107727
0.648002
-0.00677017
0.372781
-1.70237
0.12521
0.612821
-0.888146
-1.5535
-0.0151855
-0.934853
-0.629428
1.07654
-0.836444
-1.04909
0.992042
-0.426814
-1.0246
-0.760878
0.322878
0.0128139
-0.508413
2.51323
1.81661
0.0577502
-0.876854
-0.249541
1.45623
1.99184
-1.11545
0.520026
0.169138
0.717349
0.698674
0.142655
0.588814
-0.481006
-0.157509
-0.367047
-0.624772
-0.0964995
0.951081
-0.872593
-0.751105
0.541161
-0.958079
0.286336
0.428742
-0.839922
-0.0691716
0.397167
0.648946
-0.840031
-0.525024
-0.988919
1.00059
-0.59556
-0.699553
1.71521
-0.816743
-1.50832
0.785948
1.16649
1.65842
1.06043
0.524322
-0.791482
1.14133
0.69166
0.35749
0.184212
1.99352
0.725287
-1.56096
0.562092
-1.25584
0.0196997
-1.01508
-0.3358
0.214021
1.28638
1.6882
0.255149
-0.509719
0.173951
-0.767229
0.537268
-1.19631
-0.650647
-0.426646
-0.828008
1.85797
-1.75128
0.805688
1.83278
0.518712
0.245046
-0.0356176
1.85969
1.05308
-0.387006
-0.119276
0.644514
-0.037761
0.604443
-0.94748
-1.92866
-0.561107
-0.381241
-1.032
0.496436
-2.07787
-0.210813
1.31781
-0.282433
0.2206
-1.65842
-2.43497
-1.53039
0.580555
1.44702
-0.394354
0.700041
0.292159
1.54411
-0.577841
0.904378
-0.0106718
-0.95
0.891214
1.93908
-0.124439
2.26027
-0.116734
-0.314507
-0.0330917
0.0150325
1.51648
-1.42704
-0.863783
-0.741403
-0.177214
-2.34111
1.42345
-1.10567
-0.20878
-3.0016
1.22838
2.12593
1.15375
0.965489
-1.20591
-1.0607
1.53039
1.23262
0.205575
0.546216
0.448365
-0.151161
0.162546
-0.96026
-0.981834
-1.74144
-0.0483276
-0.0786834
0.00332769
-1.01239
-0.805688
0.436975
1.28202
-0.0940404
-0.5994
-1.75484
0.112883
1.37185
0.778262
1.02745
-0.363939
-1.42408
0.119276
0.313543
-0.452514
0.726681
-0.543642
-0.905646
0.116965
0.077916
-0.428826
-0.847785
0.408367
-3.01574
0.400646
0.215508
0.824886
0.349835
0.818346
-0.0141145
0.630268
1.32901
-0.216605
-0.88226
-0.260131
-0.150465
-2.29614
0.221698
-0.434367
-1.03448
0.287213
0.694384
-0.306159
1.35079
1.42725
-1.15226
-1.09252
0.744629
0.779401
0.572606
-0.260526
-0.637
-0.331917
-0.9582
-0.793262
0.929537
-1.63063
0.931542
0.681976
1.20008
-0.616795
0.453616
0.196676
0.306239
-0.281398
-0.13856
0.0997279
1.42008
1.37874
0.213786
1.32477
0.297352
1.80518
-0.0869736
1.37558
-0.110728
-0.218876
0.127369
-0.324006
1.36541
0.348046
0.948439
-0.0195466
-0.454718
-0.779401
-0.571164
0.243312
-0.290084
0.16588
0.507021
1.07096
0.163166
0.907492
0.065798
0.613837
-0.163243
1.71222
-0.763742
-0.769181
-0.0575204
0.0855148
0.379432
0.436218
-0.328928
1.37519
2.22801
-0.917584
-0.473804
-0.138637
1.12736
-0.317322
-0.217858
-0.144587
-2.44854
0.294715
0.293836
-0.157277
-1.20702
-0.402387
-0.459644
0.109651
-0.228524
0.572606
-1.21498
-0.295673
-0.0745403
-0.928595
0.390141
-0.0774557
0.563168
-1.19522
-0.440765
-0.149536
-0.521778
-0.539125
0.321911
-1.42831
0.642068
-0.966831
0.710341
-0.0602025
1.73279
0.736077
0.381159
-0.468419
-1.04869
-0.428993
0.489353
0.305438
-1.10244
-0.594373
-0.186703
1.0856
0.234339
0.566039
0.303274
1.55529
0.976398
-0.909804
0.599034
0.881358
0.0382969
0.471324
-0.355289
-0.69965
1.94159
0.66289
0.679757
0.227032
0.119122
0.397002
0.542667
2.67345
0.245282
-0.101958
-1.03018
1.3881
0.124594
2.47711
0.675715
-0.285619
0.61661
-0.0142675
0.365493
1.44527
-0.611345
-2.08657
0.97001
-0.0202352
1.06541
-0.549682
-0.619851
-0.260447
0.338391
-1.01803
-1.23245
0.193246
-2.75554
-0.630268
-0.603801
-1.13563
0.361897
-0.842537
0.611253
0.0661046
-0.0670246
0.340011
0.285778
-0.210735
1.41632
0.589542
0.437227
-0.269242
-0.872928
-0.304716
-1.42831
0.45735
1.16062
0.195506
-0.989668
-1.43427
0.452006
-0.430755
-1.68093
-0.936038
-0.0619652
0.135626
0.727179
-1.20893
0.33313
-0.327798
1.13665
1.25803
0.407369
-1.07014
-1.52695
0.301192
-0.909225
0.700432
1.16227
0.0731596
-0.313543
-0.176282
1.81701
-0.45752
0.556368
0.246544
2.25635
0.208623
-0.666612
-1.16967
0.416696
0.703858
-0.423715
-0.211439
2.18776
0.307763
1.08243
0.467992
-0.901733
0.132615
-2.56303
1.13636
-0.286495
0.32804
0.361652
0.259102
0.245597
1.0603
-0.764972
0.211986
1.63091
-0.0031747
-0.163243
0.86857
0.90553
1.24282
-0.274083
-1.34001
0.816637
0.374668
0.366638
-0.99342
-1.62458
0.361488
0.822416
1.47595
-0.971236
0.658798
-2.2972
-1.20465
1.11034
0.322475
-0.907723
1.04103
0.887919
0.235833
-1.75199
-0.0471789
1.15256
1.04604
-2.99475
-1.07627
2.14999
-1.28202
-2.00652
-0.450058
-1.56018
1.03343
-0.698576
-1.37598
-1.52206
-0.256018
0.528275
2.23447
0.542578
1.04367
1.34114
0.114731
0.927653
-1.35806
0.139642
-0.776606
2.00766
-1.2966
-1.16453
0.453616
-0.526956
0.22209
0.553334
-0.0952699
-1.28098
-0.660891
0.962324
0.646022
-0.526693
0.354882
-0.0728528
-0.706605
-0.908878
1.89581
-0.928595
-1.35749
0.0752307
1.31164
-0.0346225
0.455312
0.394602
0.131149
-0.130301
-0.78699
-0.382805
0.580464
0.0752307
-1.09182
-0.424887
0.705722
0.504152
2.38476
-1.02215
1.5706
1.36192
-2.36801
-1.13257
0.639908
1.49978
1.99184
-0.346665
1.66512
0.0483276
0.208623
-0.436554
-1.49112
-2.1713
1.21179
-1.43385
0.704937
-0.0935794
-1.40597
0.200499
1.51624
-1.3982
-0.940076
-0.530299
-0.694773
-0.316357
0.825746
-0.215039
-0.153173
0.434788
0.611437
0.988919
0.0394452
-0.47235
-0.339282
-0.0623484
-2.19706
-0.176592
0.591728
0.867232
-0.23143
-0.489698
-0.953851
-0.493583
2.08187
-0.0389859
0.134622
0.652065
-1.3506
0.00562267
0.979112
0.939957
-0.755982
-0.287053
1.50951
-0.332887
0.822309
1.56381
1.27682
-0.39361
2.4105
0.605821
-1.28516
1.94767
0.528539
3.20667
0.159756
-0.497042
0.912816
-0.374996
-1.10342
-0.225934
1.3268
-0.251515
0.251515
0.201202
0.210187
-0.778676
-0.157896
0.608213
0.123668
1.18682
-0.353578
-0.272972
0.45667
1.03998
-0.541072
-0.18289
-1.78374
-0.0508552
1.52157
1.39881
-0.505977
-0.106188
0.233945
-0.423715
-0.19691
-0.158594
-0.239059
-0.104342
1.4431
0.365575
0.383875
-1.20181
1.1779
0.649796
-0.679757
-0.663748
0.763537
0.690883
-0.952646
-0.288329
-0.438238
-0.56263
1.05895
1.49275
0.189662
1.09488
-0.438743
-0.0267394
-0.960988
0.391379
-0.936038
0.188649
-0.519938
-0.383381
2.08589
1.05989
-1.11831
0.0461067
-0.0436563
-0.241972
-1.10511
-1.07859
2.15777
-2.16013
-0.555653
0.524058
-0.592639
-1.26074
-0.00348069
0.103573
0.429748
-0.748572
-1.02538
0.862895
-0.535943
0.69526
-0.70631
0.586813
-0.249068
0.6107
1.37499
0.0633449
0.427065
-0.217075
1.45999
0.860898
-0.466542
0.308003
0.901388
0.091966
-0.974305
-0.564154
-0.583454
0.246307
-1.08298
-0.345771
0.324248
-1.7076
0.318851
0.147139
0.561913
1.46222
-1.17728
1.38033
-0.623657
1.52035
-0.137556
0.963784
-2.06934
0.328121
-1.04578
-0.0559879
0.0946551
0.180634
-0.70857
-0.86712
-0.966343
-1.1431
1.59332
1.15972
2.43349
-0.873152
0.264406
1.27838
-0.753237
0.439333
-0.267259
0.179701
1.39759
1.64525
-2.16171
0.530211
-0.208076
-0.938887
-2.51684
-0.592822
-0.114115
0.199563
1.01662
0.782722
-0.544174
0.508848
-0.0249029
-0.768667
0.936275
0.441777
0.0229133
-0.457265
-1.85454
0.0638048
-0.0753075
-1.97921
0.548971
0.222404
0.622913
0.510416
1.11659
1.40988
-0.490215
-0.842646
0.584089
-3.20667
1.6512
-0.598485
0.361815
-0.143814
-1.3879
-0.562182
-1.87058
-1.69879
0.913513
1.21707
-0.067638
1.51527
0.333939
0.259181
-1.28115
-1.23935
1.11974
1.15107
0.168052
-1.17759
0.823275
0.302473
0.109343
-0.710341
-0.624028
0.775779
-1.10963
0.911541
0.626353
1.89489
-1.18066
-0.898979
0.569454
0.44955
-0.14165
0.861452
-0.284981
-1.38971
0.993921
-1.66819
-0.0686348
-1.38231
-2.96247
-0.605454
-1.61127
-0.201046
-0.790959
0.187014
-0.0182459
0.181256
1.0237
1.49439
-1.29394
-0.319012
0.274957
-1.54034
0.520288
1.41278
2.0726
0.643009
0.793786
0.713396
0.621057
1.25803
-0.317402
1.65571
1.37855
-0.710538
-0.702389
1.68345
-0.648852
0.551374
0.497734
1.76166
-0.378446
0.0874344
0.0586698
0.333453
0.132384
-0.96111
-0.418449
0.824671
2.0409
1.24897
0.991667
-0.989044
0.112037
-0.301592
-0.505282
0.0892775
-0.254991
1.81106
1.14133
0.271225
0.557976
1.52255
0.764049
0.903688
-0.913861
0.319897
-0.694773
-0.387666
-0.866007
0.144046
-1.07654
0.735275
-1.86402
-0.108188
-1.36366
-0.399817
-1.8826
-0.268924
-1.07381
0.207998
-1.27148
0.997941
0.708374
-2.66536
0.0640348
1.46579
-1.04261
0.526517
-0.22821
0.472777
0.472093
0.509371
0.632041
0.0310251
0.125519
0.348697
-0.277818
0.690786
-0.591636
1.13548
-1.38092
0.0635749
-0.607845
-0.222639
0.186002
0.466627
-1.47709
0.955419
-1.3244
-0.987174
-0.19574
0.323925
-0.296553
0.0373782
1.19804
-1.37637
-0.657468
0.995176
-1.52793
-1.03946
-1.52206
2.15855
-0.916419
-0.327313
-2.07195
-0.711819
-1.27011
-0.173485
0.616795
-0.458539
0.0122783
-0.576395
1.27855
1.68125
-0.487801
-0.123668
0.12074
0.67437
-1.38851
0.0291883
0.579559
0.800618
-0.0482511
-0.585905
-1.96478
0.163864
0.0375314
0.646399
1.88035
0.41053
0.443211
-0.612175
-0.13717
1.14251
0.297272
-1.08037
-0.514516
-1.10949
0.317241
1.17149
-0.205419
1.48857
-0.327313
-0.00944771
-1.07204
0.223658
-0.596565
-1.26737
0.132693
-1.168
-2.19112
1.8662
-0.208311
2.69304
-0.259102
0.111421
-0.651403
0.116117
-0.71547
-0.0800647
-0.161461
-0.424803
-0.321508
-1.23393
0.435965
-0.659464
0.0588997
0.40712
1.09809
0.31692
-1.34585
-0.481779
0.524058
-1.35079
0.262109
0.21872
1.00819
0.208232
1.65994
-0.704937
-0.778365
-1.0215
-1.79704
1.54537
-0.742914
1.3744
-1.79897
-1.36892
-0.400646
1.40228
1.38871
1.38092
1.65752
-0.757205
-0.373601
-0.342687
1.17043
1.56824
0.55735
0.644891
0.0160271
0.107342
-0.676388
0.609133
1.05201
-0.81429
-0.817277
0.77878
0.170147
-0.0139614
1.37067
-0.268766
-0.82188
-1.21498
0.255228
-0.4841
0.595651
-1.40269
-1.75913
-0.768564
0.201358
-1.62059
0.535325
1.2405
-0.397333
-1.35212
0.19309
-0.253884
-0.662033
0.392618
-0.602333
-0.362877
0.171544
-1.13899
0.357082
0.730072
-0.879329
0.280045
-0.0736965
-0.0819835
-0.22876
-0.554939
0.0496297
0.671875
-0.814823
-0.956023
-0.147139
-1.06298
-2.46897
-0.168129
0.964636
1.44571
-0.555832
-0.776089
-1.96162
-0.35855
2.04028
-1.31146
0.792319
-0.758224
-2.95037
-2.21538
0.212534
0.355289
1.3881
-1.99631
0.189428
0.623842
-1.6548
0.0572139
1.80168
-0.900126
2.6131
-0.415528
1.29678
-1.04578
1.62717
-0.243154
0.185146
0.340984
0.554404
-0.462622
0.311615
0.9582
0.950841
0.249147
0.23033
-0.156347
0.656899
0.911425
0.0226838
0.0230664
-0.354882
0.138637
-0.527572
1.10455
1.68535
-0.581189
-1.02253
0.21966
0.856253
-1.41632
0.0962689
0.330705
-0.0428906
-0.201046
2.0648
-1.35117
-0.906568
0.841556
-0.545683
-1.06124
-3.5633
0.000726736
-0.263852
-0.759346
0.221619
-0.590908
-0.26948
-0.248279
-1.52352
-0.702585
-1.60904
0.205263
0.263852
0.570084
-0.373355
-0.0562944
0.276149
-0.365248
-0.66795
1.57773
1.07313
-0.478174
-0.453107
0.406123
0.152167
0.575672
-0.120817
0.598394
0.514429
-0.679083
-0.928595
-0.861896
0.183823
-1.13112
1.42071
-1.66512
2.14386
-0.680625
0.540806
0.479203
1.23737
0.669767
0.0232959
-0.193869
-1.85711
0.990667
1.86402
-1.46512
-0.40189
-1.1893
0.0776859
-1.45645
0.376556
-0.907376
0.637656
-0.587722
-0.130223
0.918284
0.829625
1.12289
-0.500594
0.117581
-1.38033
-0.106265
0.402304
0.754253
0.67889
1.30033
-0.0792205
-0.229152
-1.40003
1.13782
0.566757
-1.10723
0.661652
0.450058
2.00366
-0.932723
0.36206
-0.255307
-1.02473
0.952044
-0.174806
1.30929
0.34569
0.0693249
-0.071012
0.406705
1.26617
0.601324
-0.596199
2.24196
1.11105
-0.258469
-1.0188
0.721114
-2.35435
-0.227346
-0.790749
-1.68725
0.0570606
0.166655
-0.37393
0.557082
0.121279
0.246859
-0.214177
0.326506
0.862895
1.18235
-1.02602
-0.333534
0.151006
-0.952766
-0.942578
-1.99018
-0.464581
-1.22157
0.00424568
-1.18127
-0.877304
0.979977
1.4828
-0.830057
-0.669097
-0.222639
0.874049
-1.27251
1.42071
-0.215978
-0.190752
-0.284742
0.412195
-0.177447
0.365166
-1.27389
1.56563
0.656899
1.64585
-0.714285
1.35826
-2.05967
0.161073
-1.67968
0.309688
-0.764972
0.710046
0.436386
-0.728874
0.243863
-1.37087
-1.08147
-1.07763
1.75555
0.218093
-0.535855
-0.319334
-1.25736
0.675907
0.283548
-0.783242
0.184757
-0.599126
-0.00432218
-0.191531
0.297832
-0.403383
-1.28429
1.92572
0.218955
0.162701
-1.22659
0.598119
0.14915
-0.775986
0.389811
1.43728
-0.0668713
2.04645
0.636438
1.48188
0.136707
0.708177
-0.369503
-1.31909
-0.487026
1.02112
0.529155
-0.921437
1.26652
1.77888
0.237013
-0.688748
-1.4182
-0.150465
0.257836
-0.277659
0.391627
-1.10005
1.39779
-0.6627
0.107111
-0.661271
0.0232194
0.52766
-0.317724
0.648002
0.155883
0.221384
0.910498
-0.268766
0.783554
-2.55096
-0.0958078
-0.392371
0.146907
1.44159
0.0399811
-1.29784
0.0304129
0.349428
-1.17836
0.552086
0.00768818
1.24017
0.0672546
-0.311695
0.200187
-0.968786
1.81581
2.0477
1.46781
1.4444
-0.159291
0.825639
-0.370404
-0.43908
-0.676195
-1.78299
-0.49341
-0.643197
0.149227
-0.381652
-2.17618
-1.4105
0.529595
1.61183
0.509545
-1.71488
0.244257
0.0147265
-0.0607389
0.688748
-2.57972
0.0958078
1.65873
0.184446
1.4298
-0.455482
1.8584
-0.281557
1.23787
-1.19085
0.399237
0.417364
-0.000879734
0.66289
-0.754761
-1.11034
1.12333
-0.544529
0.222639
-1.16032
-0.247175
2.04832
-0.531621
0.862451
0.159988
1.55427
1.12103
-0.289605
2.27528
-2.03358
2.76591
0.172243
0.510329
-0.596108
0.543199
-0.726083
0.464496
-0.526693
1.78299
0.607293
0.454379
-1.47663
0.770621
0.429916
-0.336204
-0.136552
-0.382805
0.419284
0.95012
1.99184
-0.707685
1.21867
-0.0966532
-0.883277
-1.02266
1.12592
-0.697698
2.36801
-0.410946
-0.192155
0.0808322
-0.325861
-1.09405
-1.05414
-0.716656
-1.87456
0.502763
-0.378446
0.277341
-1.26908
-0.222639
1.19491
-0.0921196
0.36582
-1.07969
0.45404
-1.36541
-2.19536
0.309849
0.00187422
0.328121
0.985432
-0.620315
0.841774
-0.654622
0.435881
0.70631
2.24766
0.99857
-1.70139
0.0657213
-1.00413
-0.065568
-1.47074
0.285459
0.217309
0.210813
-0.868124
2.30914
1.53959
1.53535
-0.482638
0.923896
0.22256
-0.492114
1.40947
0.617165
1.69299
-1.26874
-0.377049
0.208311
-0.635033
0.453022
1.31982
0.955661
0.337824
0.562361
1.23507
1.6642
1.31891
-0.341065
-0.451243
2.9274
-1.17423
-0.0852076
-0.23143
0.829409
-2.08053
0.239846
-0.167741
0.971358
0.0776859
-0.544085
-0.526956
-0.369258
0.262426
-0.913745
-0.612914
0.535855
-0.514516
-0.604811
-1.05574
-0.163786
0.238114
-0.582548
-0.0129669
-0.69721
0.49886
-0.978741
-1.22173
-0.773404
-0.241342
0.623657
-0.405542
-0.0363065
-0.318851
0.170302
-0.102573
0.580283
0.267735
-1.79321
0.538859
0.304636
-0.832759
0.557261
-0.843847
0.961231
0.596199
1.53909
-0.416613
-0.345934
-1.63965
1.07681
1.0607
-1.79169
-0.946522
0.422711
-0.857247
1.97489
0.891214
-0.392701
-0.356104
0.55271
-0.547015
0.715075
1.18868
1.14075
0.0426609
-0.694676
-1.42281
-1.50736
0.0979599
0.204013
-0.702683
1.25164
0.139873
0.341633
1.55915
0.596199
0.760163
-0.364021
-1.59687
-0.928006
-1.5836
0.0754609
0.608397
1.28972
0.537356
1.6533
1.19194
0.403217
-0.336528
-0.232531
-0.107419
-0.754456
-0.227111
-0.912468
-2.14691
-0.834817
0.447097
-0.343823
1.27734
-0.920034
-1.71688
0.863561
0.142655
-0.34634
0.59556
1.32957
-0.742914
-0.973568
0.294954
-1.17545
0.332241
0.704446
0.563885
-0.35904
0.81014
-0.843301
1.4851
-0.942697
0.563168
-1.48672
-0.659749
1.26617
2.72925
-0.753846
0.3341
0.307442
-1.3222
0.439417
-0.00218021
-0.80389
-0.407286
-1.58736
-0.324812
-0.852727
-0.131149
1.23164
-0.32183
0.802728
0.130069
1.56511
-1.12103
0.878879
0.138174
1.21835
1.59332
0.95048
1.04077
0.69799
0.313141
-0.619759
-1.16302
-1.03057
1.30426
0.745942
-0.364185
0.937699
1.07042
0.310732
0.662509
0.333049
-0.89509
-0.0922733
0.263376
-0.378117
0.894291
-1.06177
2.40495
-0.0207709
0.526429
1.52499
-0.922139
-0.00952421
-0.702879
1.41403
0.259102
-0.0108248
-0.828978
0.933787
-0.00646417
-1.57508
0.205888
-1.4103
0.948799
-3.0706
-0.588905
-0.26306
0.523795
0.834275
-1.94665
0.332079
1.21932
0.237328
-0.122358
-0.795884
0.425808
-0.308244
0.483928
1.59824
0.119584
-0.410114
-0.169371
-0.209327
-1.00172
1.47595
1.2604
1.04433
0.938411
0.437817
-0.0587464
0.359121
-1.27734
-0.708865
0.359529
-0.364593
0.959169
1.12548
1.12794
0.0988823
1.78941
0.176126
-1.27595
2.72296
0.567925
-0.751511
0.120894
1.71189
-0.56541
-1.26993
-0.424134
0.851517
0.689524
0.734773
0.95036
0.536119
-0.459049
3.01574
-1.41695
1.32073
0.154412
0.394933
-0.582004
1.95797
0.887465
-1.29749
0.423381
0.705133
-0.22562
-0.970133
0.540541
-0.312097
1.12707
-0.752323
-1.40085
2.05649
0.527396
-0.385193
-0.648663
0.243627
-2.3568
-1.05654
-1.0611
0.942578
0.0867433
-0.637375
0.467139
0.45769
-0.567027
-1.20196
0.84221
-0.532678
-0.189428
1.03304
0.420203
1.50951
0.16557
-1.38411
0.120586
1.02693
-1.13141
-0.114577
-0.413278
-0.0177869
1.43043
0.0163332
2.47547
0.657183
0.263535
1.59115
1.25651
-0.148299
-1.0016
0.800724
0.0577502
-1.82869
-1.34472
-0.0921965
-0.505629
0.304235
-0.153947
-0.394685
-1.24764
-1.07791
-0.483928
0.889395
-0.829086
-1.8697
-1.44419
-0.511026
-0.774023
-1.33421
0.949519
-0.110805
1.07955
1.14619
-0.231902
0.871921
1.27509
-0.35749
-0.0955004
-1.0642
-0.510591
-0.820272
0.985681
1.83648
1.36833
-0.398906
1.2982
-0.94712
0.156425
-0.75527
1.73382
-0.204169
-1.4649
-0.0988823
-0.231823
-0.64838
-2.2271
-0.90703
0.969398
0.0642647
0.349591
1.1023
0.344229
-1.66726
1.1971
1.37855
-0.280204
-0.898521
1.21755
0.858242
0.239689
-0.707587
1.09113
-2.24101
1.50522
-0.60426
0.814396
0.225306
0.643103
-0.404794
0.956385
0.229938
0.844393
0.563706
0.852617
-0.887919
-0.964393
-1.60376
0.622078
0.56263
-1.17149
-0.969153
0.803256
-0.124362
1.66451
-0.633069
0.158516
-0.203388
0.567116
-0.401558
-1.37914
1.75377
0.261159
0.466627
-0.0609689
-0.284185
-1.20766
1.69171
0.417614
0.00195071
0.376392
-1.35365
-1.92572
-0.767947
0.533295
-0.621614
-0.154257
-1.00806
-0.431763
-0.74928
0.0923501
-0.373601
2.45472
-0.516089
0.517138
-1.8009
-0.0814462
-0.546304
0.19309
0.232059
-2.27325
0.392123
0.356838
0.296633
-0.334667
-1.49509
0.210813
-0.622913
0.936631
1.38411
-1.55863
0.585269
1.65031
0.453701
0.248831
-1.93558
-0.899094
0.750294
-1.04657
-1.21916
1.45844
1.72326
-1.13316
-0.697502
-0.554761
0.435208
-0.217701
0.567745
-1.03932
-0.0477915
-1.09266
-1.67999
0.494793
-1.11845
0.641692
-0.0772255
-1.59088
-0.981834
-1.01239
2.26522
-0.526166
0.583273
0.133001
0.828762
-0.642915
0.0702452
0.0548387
-0.458709
0.111729
0.208232
-1.12491
0.524234
-0.657658
0.213943
0.65576
1.4159
0.334262
0.388903
-2.02578
-0.0305659
-0.684971
-0.436975
2.27528
0.854048
1.55197
-0.101573
0.253805
-1.17545
-1.23589
1.1893
0.50589
-0.526781
0.11604
0.2062
0.645927
-0.912236
-0.0868969
-0.747661
-0.5045
0.971726
1.10244
0.525024
0.301352
-0.0569074
1.28989
0.26021
-1.03683
-0.411695
-0.205341
-0.532678
0.34431
-0.639814
-0.553156
0.0031747
-0.240397
-0.55744
0.623657
1.88485
-0.0780695
-1.42725
-0.668045
-0.526956
-0.740497
-0.379843
-0.363449
-0.319495
-0.663748
-0.726581
0.635314
0.0239081
2.50082
0.49341
-2.40771
0.80315
1.14974
1.30875
0.619759
0.418032
0.37024
1.05628
0.976891
-0.503805
-0.254753
1.02641
-1.33291
0.864005
-0.868458
-0.428155
0.932605
0.397167
0.316357
0.687294
-0.014191
0.36059
-0.447266
0.540984
-0.499554
0.328443
0.681204
-0.768667
0.0716256
-0.6205
-1.01996
-0.194649
0.299752
-0.963784
-0.863783
-0.386759
1.25668
0.17566
-1.58199
-0.750801
1.01957
-1.76093
-0.0182459
1.8291
0.65377
-0.78293
0.491424
-0.919334
0.664702
-1.00046
-0.316678
-0.0694783
-1.15837
-0.545239
-1.39172
-0.453022
0.682941
0.0740801
1.47232
-0.482208
0.182812
0.126058
1.22708
1.99913
-1.17897
0.880455
1.28656
-1.3697
0.916303
-0.556725
0.667472
0.316035
-0.859348
0.0172513
-1.16167
-0.698869
0.3068
1.08216
0.709455
-0.0816764
0.901618
0.792005
-1.516
-0.104573
0.549771
0.829086
-1.17667
0.207138
0.93853
1.40003
0.023755
0.236462
1.19631
0.158439
0.979606
0.524585
0.578564
-0.386924
-0.378528
-0.546482
-0.783866
1.54537
0.276864
0.31033
-0.228838
-0.303915
0.072546
-0.816103
-0.31009
-2.0477
0.877304
-0.672163
-1.12678
-0.0115898
-1.52572
1.01649
-1.27389
1.03317
0.247885
-0.663176
-0.135935
-0.535766
-0.683617
-1.73279
0.705525
0.432687
-1.00261
-0.397167
-0.244652
-1.46736
1.52867
-1.5844
-1.43299
0.825101
-1.52352
-0.839487
0.831353
2.21805
2.09956
-0.528011
1.67874
-1.09725
0.725486
2.20222
0.165414
1.29731
0.757612
0.446505
-0.168207
-0.510503
-0.822845
0.0598193
-0.493064
0.894976
1.46736
0.12575
0.760469
-0.301993
0.129761
-1.44484
1.57587
1.40187
-1.45469
-0.330705
0.443043
-0.552888
-1.50332
0.665943
-0.13331
-0.501982
0.786782
1.08449
0.160996
0.856805
-1.33217
0.0933489
0.782826
-0.58418
0.347396
1.20134
-1.18667
-0.94079
-0.986676
2.11506
1.28638
-0.566308
-0.32578
1.37855
0.817384
-0.308565
-0.690689
-0.119045
1.20512
-0.014191
-0.8022
-1.11403
0.140955
-2.27325
-1.26822
-1.5977
-0.740397
2.1201
-0.616703
-1.06285
0.550928
0.759959
0.771342
-0.940076
-0.762514
0.135471
-1.22545
-0.42472
1.0337
0.308485
-0.775675
0.323442
-0.0589763
-0.930244
-0.185769
1.00565
1.64083
-0.0245202
2.73889
-0.11658
0.163553
-1.62832
0.968053
-1.04459
0.16588
0.535148
-0.883051
-0.458029
0.828762
-0.503718
0.841229
-0.512073
-0.956023
1.76419
-0.370486
0.18009
-1.24348
-0.496003
0.513294
0.77702
0.263772
1.88848
0.409448
1.07354
-1.40391
0.277898
1.89673
1.55401
0.431343
0.530387
-1.29341
-0.109574
-1.32753
0.0101362
-0.119045
-1.13563
0.904493
-0.620593
1.14163
-1.00223
0.202763
-0.732171
0.750598
-0.240949
-2.46257
-0.193557
1.14885
0.889054
-0.155341
0.800091
1.41904
1.21211
0.355126
0.525287
-0.537533
-0.0334744
0.0889703
-0.344716
1.39112
0.593095
0.378692
-1.00603
-0.33313
-0.686132
-0.354719
-0.202139
0.286734
0.495571
0.546038
0.704937
-0.721114
0.179079
0.825854
-0.345041
0.296792
-0.216291
0.161771
-0.295833
1.43535
-0.287771
-2.96247
1.20212
-0.391049
-0.760469
-0.0202352
-0.136938
-0.0663346
0.601966
-0.133387
1.16997
-0.808442
0.293357
1.15092
-1.01649
-0.976398
-2.16808
-1.66849
-1.97543
1.22416
-0.365738
1.37795
-0.270908
1.20544
2.06352
-0.157742
1.88395
0.797986
-0.812373
-0.0858219
-0.773713
0.313463
-0.887125
-0.352276
-1.01777
0.162778
-0.621892
2.123
2.80671
-1.4796
-0.845049
-0.839051
-0.696722
0.913629
1.59061
0.291201
-1.03709
-0.340579
-0.356838
0.272019
-0.84943
1.22367
0.151393
-0.24678
0.0949625
1.83401
-0.803678
-0.575763
1.84733
0.757816
0.171467
0.297992
-0.0893543
0.306159
0.0408999
1.11488
0.858131
-0.860898
-0.251199
-0.795674
-0.51408
-0.0232959
1.49275
1.79897
-0.822201
0.685164
1.59224
-0.222482
0.687973
-0.275037
-0.562182
-0.589997
-0.0542258
-0.673026
0.344472
-0.23033
0.57974
-1.03409
-0.0180929
1.21867
1.50498
-1.27114
-0.910151
-0.823919
0.870021
-1.29891
-1.40248
0.372863
0.528363
1.23458
1.36774
0.161228
-0.0810624
0.456246
-0.359121
0.48238
-0.95036
-1.67158
0.696137
-1.312
0.630268
-0.893721
-0.825101
-1.42071
-1.56044
0.363367
0.928595
-0.106188
0.301592
0.363939
-0.091966
0.239925
-1.27389
-0.473376
0.364675
0.516963
-1.30552
0.723894
2.47547
0.266942
-0.341146
-0.412528
-2.75896
0.522129
0.67389
-1.31037
-0.462963
-1.31545
-0.840575
0.735475
-0.179624
0.744125
-2.08927
-0.749382
1.478
0.868793
0.808654
0.719032
-0.597936
-0.377542
-1.44202
-0.928124
-0.971113
0.0543024
-0.36059
-2.43944
-0.123052
1.00946
-0.438069
1.12131
0.754965
-0.156425
2.01344
-0.655286
0.733972
0.159136
0.166423
0.672642
-1.5189
0.529683
-2.31024
-2.11506
1.36211
0.963419
0.474575
0.0599726
0.486596
-1.66115
-0.921905
-0.389398
-1.70465
-0.916769
-1.39334
-2.02698
-1.65031
0.178069
-0.666707
0.787616
-2.19536
0.451413
0.441777
-0.907261
-0.38264
0.292558
-0.331998
-0.286336
-0.775159
-0.300632
-0.0271986
-0.948679
-0.704741
0.843192
1.95589
1.42008
-1.47232
1.62688
1.80635
0.298312
-1.26396
-0.983197
-0.293117
-1.00097
-1.3268
-0.511637
0.808124
1.94564
1.88305
-0.189817
2.11292
-0.538329
0.369667
0.00195071
-0.174806
-2.28977
-1.60709
-0.279091
-1.83938
0.0303363
-0.6155
0.418533
-0.681686
-0.189662
1.33347
-0.0917355
-1.16152
0.372617
0.42849
-1.46602
-0.65093
0.197846
-0.789391
-0.540187
-0.743822
2.25635
-0.562899
-0.31869
0.0191641
-0.346827
-0.878766
0.120354
-0.23426
-0.784698
0.151858
1.38212
-1.39576
-0.868124
0.312097
0.832326
-1.20718
-0.15031
0.640283
-0.868235
0.603158
-1.25635
0.0862058
0.114654
-1.07955
-0.307843
-0.327636
-0.162003
-1.22416
-2.31916
-0.0909673
-0.335233
-0.898521
0.419368
-0.250094
-0.467139
0.514254
-1.62002
-0.314427
-0.894291
-1.74423
-0.654907
1.21482
0.826177
-0.673698
-1.30731
-0.837421
0.392205
-0.214256
-2.23077
-0.370322
-1.71989
1.84733
-0.421206
2.27528
0.476031
-0.334181
-0.39204
0.726183
0.140723
-0.743419
-1.67905
0.5174
-1.33087
-0.295594
-1.76528
-1.19678
-0.384369
1.98193
-0.174262
0.266466
-0.346827
-1.6223
-1.01764
0.40712
-0.542755
0.584725
0.303675
-0.409531
0.132152
-0.262109
-1.26891
0.680625
0.159291
-0.963054
0.769387
0.122975
-0.545594
0.870132
0.862007
-0.428826
-0.744226
-0.0662579
-0.37746
-0.952646
1.6527
0.289047
-2.5994
-2.1378
1.71521
-1.16182
-0.196832
-0.369585
1.23803
-0.61513
0.47235
0.873488
1.02512
-0.170846
-0.860234
3.29718
1.15315
-0.940433
0.284424
-0.0819067
-0.288728
0.470384
0.306159
1.27803
0.184679
-1.22125
-1.75199
-0.0849005
0.0761514
1.09502
-1.14708
0.107342
-0.789182
-0.473462
-0.0516212
0.241579
1.35576
-1.49415
-0.0488638
0.0400577
-0.363939
-0.939362
0.358142
-0.899897
-0.935682
-0.0478681
0.786782
0.100266
0.775675
0.0439626
-0.0581334
1.6203
-0.188104
-2.11578
0.202061
-1.12664
0.0111308
0.225541
-0.337419
-0.101266
0.917118
0.180401
-1.32459
1.18112
1.50903
0.243785
-0.21872
-0.668715
-0.60987
1.27699
0.232531
-0.309127
-1.11588
1.31037
1.09099
0.0857451
-0.597662
-1.1802
1.1805
0.619388
-0.807912
1.06581
0.420454
0.110266
1.14959
1.00578
1.33982
0.634191
1.02473
-0.8077
-1.08711
0.044958
0.639063
1.46826
0.0324028
0.408949
1.5558
-0.824349
0.800934
-0.552175
-0.337824
1.0885
-0.60325
0.367129
-0.340903
-0.649702
-0.793995
0.0388328
-0.179313
0.689815
0.0247498
0.681493
1.19101
-0.59693
-0.964027
0.0373017
-0.804418
2.05649
-0.274004
0.313784
-1.06325
0.241815
0.618461
0.676195
-0.820486
-0.196832
-0.927889
0.688457
1.01444
0.140878
0.298392
1.42113
0.912468
-0.36893
0.18219
-0.213238
2.50433
0.479289
0.226012
0.498254
-0.84932
1.67686
-0.750192
-0.906338
-0.510242
0.0343163
-2.06999
-1.96636
-0.878991
-0.232531
-0.411446
-1.29802
0.576214
-1.93658
0.149304
-0.941028
-0.18935
0.505629
-0.238823
-0.116349
-1.72529
0.577931
1.59197
-0.62775
0.0579035
1.54613
-1.48649
-0.815036
0.607201
-0.550038
1.38331
0.0732363
-0.188727
-0.163708
-1.18343
-2.28454
0.704152
1.86142
-0.589269
-1.06366
1.0388
-0.638406
0.252936
1.14634
0.450312
-0.155805
-1.52597
0.549149
1.17058
0.106496
-1.6223
-0.130223
0.546216
-0.210344
1.01444
-0.406206
0.407785
-0.457944
1.13943
1.53361
-1.51575
1.00692
-1.02034
-0.238429
-0.722702
-1.4226
0.854489
0.340903
-0.490129
0.504934
-1.8194
1.03239
0.031714
0.962081
0.117119
-1.43599
1.26891
-0.195195
0.578021
-0.898636
-0.430503
1.43385
0.0025627
0.977631
0.830597
-1.84944
-0.187715
-1.37914
0.481779
-0.307763
0.322716
1.473
-0.58146
0.705623
-0.552977
0.258865
-1.84146
1.3656
-0.171389
1.0367
0.877753
-0.262426
-0.224129
-1.98576
0.761696
0.168129
-1.35193
-0.743015
-1.58013
-0.744528
-1.89673
-0.424385
0.970133
1.64852
0.431259
-1.17104
-1.66542
0.259102
0.932487
-0.450566
-0.399569
-1.11959
0.00776468
1.37146
-0.16875
-1.18528
-0.394685
-0.507456
0.0136554
-1.10652
0.479975
1.11888
1.18158
-0.140646
0.156193
-0.109035
0.0634215
-1.47868
0.421624
-0.619666
0.253568
0.705133
0.0794508
0.852617
0.54817
1.22012
2.68734
-0.794625
2.04213
0.916652
-0.803995
0.883051
0.412945
0.713989
-0.817705
-1.87901
-0.354474
0.38577
-0.31877
0.282592
0.307923
-1.37677
0.748774
-0.5188
1.51769
1.06987
0.443887
1.00984
1.41341
-1.27803
-0.700041
0.0818299
0.695552
0.195273
0.820808
-1.10864
0.163011
-0.980225
-0.0817532
-0.175349
1.23393
-1.79474
0.788346
-0.884181
1.51624
0.279488
1.92964
0.910151
0.485476
0.659749
-0.103803
0.0458004
0.327878
-0.624121
-0.147912
-0.952044
-0.981957
-0.481178
1.70139
0.795044
-0.229466
0.191765
-0.452938
0.737582
0.0945783
1.27423
-0.214177
0.776399
-0.543287
-0.372289
0.224992
-0.0135024
1.10384
-0.654338
0.766407
-2.26126
0.69098
-0.958927
0.173951
-0.739491
0.874609
-0.129298
0.559764
1.50261
-1.56615
-0.416196
1.79551
1.28254
0.0906601
-1.03239
0.417197
0.819095
0.568734
0.172165
1.6057
-1.11988
0.629335
0.245046
-1.95953
-1.25366
-1.50999
-0.843956
-0.249778
0.0883559
0.716953
-1.06716
-0.115039
0.653485
2.21183
-1.34491
-0.545772
0.303915
1.35768
-0.0969606
-0.579288
0.439164
0.592457
-1.19506
-1.05228
-0.459049
0.869797
-0.370896
-1.48718
-0.586359
1.02034
-0.506325
0.432351
-0.927771
1.4281
-0.837312
-0.568015
-0.329412
-0.430755
0.227346
-0.0599726
-1.35576
-0.740296
-2.18442
-1.24381
0.674274
0.761389
-0.921086
1.92964
0.672546
1.76492
-1.07422
-0.404877
-0.136012
0.568555
0.175039
-0.450058
0.461686
0.0311782
0.189584
-0.0358473
0.158129
-1.33739
-0.934853
0.213551
1.13054
-0.109881
1.26908
1.21466
0.67812
0.956144
0.190518
1.37855
-1.32018
0.493151
1.01893
-1.54335
-0.508761
0.138406
-0.254832
1.90044
0.799143
0.524409
0.00623467
-1.25282
1.21211
-0.230723
0.939006
-0.326426
0.277262
1.82262
-1.20877
-0.6607
1.13797
-2.10164
0.569544
-0.45667
0.214647
-0.0750773
0.0714722
0.14366
-0.456501
0.181334
-0.35423
-0.371961
1.28498
-0.390719
-0.618276
0.453022
0.227268
-1.85926
1.13359
-0.919801
-0.497388
0.400646
-0.7896
0.869909
0.0635749
-0.101573
-0.956385
0.476716
-0.961231
-0.628775
1.47006
0.664702
-0.41053
-0.0530767
0.319978
-1.71788
-1.30069
1.18543
0.231902
-1.66207
-1.44527
1.05281
-0.497042
1.73314
-0.633443
-0.863228
0.173563
-0.426814
0.494101
-0.850308
1.12823
-2.07721
-0.53939
-1.09809
0.266308
0.587359
0.83395
0.857137
-1.76093
-0.875619
0.885766
-0.560659
0.353497
-0.340498
-2.45941
0.268052
0.702193
-0.175893
0.227189
-0.277421
-0.700335
-1.0471
1.24017
-0.663844
1.53361
-0.194493
-0.407619
2.64207
0.500074
-0.0988054
0.243785
-0.450904
0.946043
-0.136089
-1.12246
-0.737682
0.400066
-1.04393
-1.65691
0.415195
-1.86489
-0.367784
-0.241815
0.505716
0.0297241
0.122589
0.903112
0.884181
-1.14974
0.540984
0.397747
-0.0608156
-0.553869
0.447097
0.191999
0.330543
1.39922
1.97921
0.532678
-0.51408
-0.719825
0.00715268
-0.808548
1.89259
-0.433695
1.60099
0.281478
0.873825
-2.56508
-0.19847
0.0712421
0.072546
1.26805
-0.937342
-0.789182
1.42788
-0.0541492
0.703368
0.310491
0.811522
1.23196
0.307442
-0.561644
-0.258153
-0.832218
-0.069555
0.94784
-1.16559
-1.37224
-0.313141
-0.469444
-0.129375
-0.105265
1.58119
-0.430084
1.83855
-1.1368
0.0853612
1.50784
0.0582866
1.63907
1.31182
-0.271066
-0.883051
0.118197
-0.959775
1.40391
-0.845268
-1.16528
-0.0127374
-0.913745
0.0520808
-0.308485
-0.106188
1.22805
-0.84112
-1.26158
-0.184679
-0.646776
-1.02875
-0.197612
1.37993
0.17768
0.108573
-0.611069
-0.541161
0.467822
-0.17333
-1.19945
0.706801
0.543731
0.864339
-0.152477
2.62014
0.541426
0.529595
-1.70465
-0.265436
0.256255
0.0592828
0.476202
-0.568375
-1.00832
-0.653391
-1.49509
-1.87589
-0.604903
0.539656
0.746043
-0.132384
-0.296233
-0.197924
-1.46155
-0.215039
-0.701117
-0.0465662
-0.700237
-1.27907
1.10864
0.709751
-0.381899
0.533207
1.55683
1.13665
-1.3853
-1.17728
-0.162391
-0.22358
0.278932
-0.146675
0.666516
0.472435
-1.56929
0.49246
-1.16922
0.094732
0.232216
0.477916
0.38371
0.0456472
0.369749
-0.0583633
0.317161
1.37126
-0.426479
-0.752221
0.0611988
1.54034
0.245361
1.53237
-0.212847
0.346584
-1.653
1.93161
-1.61606
0.571524
-1.06245
0.629055
-0.107342
1.5727
0.309046
-0.186469
-0.663176
-0.710144
0.844612
-0.531004
0.127447
-0.902997
0.653201
-0.542401
0.363613
-1.96058
0.884407
-0.0281169
-0.496003
1.26192
0.428322
-0.727478
-2.12813
-0.332079
-0.783346
-0.224051
0.701802
-2.17455
0.19769
0.561286
1.12462
-1.20055
0.107111
-0.433275
0.132384
-0.845486
0.284742
2.88563
-0.200421
0.105342
-1.17621
0.624772
0.947959
-0.541161
-0.0776091
-0.618091
-0.589633
-0.272098
-1.99463
-0.0285761
0.452938
1.35787
0.457265
1.04816
0.590816
-2.19621
0.354963
-0.991917
-0.735876
-1.07845
-0.0894311
0.23898
0.307201
0.322394
1.05949
-0.172398
-0.228917
-0.334829
-0.607569
-0.416279
1.70269
0.580645
1.17836
0.38816
-0.695065
-0.666325
1.14177
0.115116
2.35435
0.176748
0.475345
0.0315609
1.07845
0.80961
-1.10723
-1.87856
-1.61889
1.22335
-1.58602
1.05508
-1.43814
0.0878183
-0.281478
0.926008
1.58146
0.226561
-0.482724
0.214177
0.309929
1.40473
-0.135008
-0.994799
1.91796
0.468163
0.266704
0.624586
2.39272
0.588268
-0.78699
0.244021
0.307923
-0.562809
1.04301
0.327475
1.35117
0.357571
1.79207
-0.694578
0.929184
0.827576
-0.468505
-0.867789
-0.150774
-2.81066
-0.874834
-1.11062
1.17606
-1.15078
0.876517
-0.317804
0.494447
0.256888
-1.0896
0.539921
2.34948
-1.19866
-0.0720091
0.519938
-0.936512
0.375653
1.35729
-0.19886
-0.215352
-1.61043
-0.685745
1.51238
0.78699
1.03174
-0.691855
0.00562267
-0.649324
-0.481006
1.51214
1.32717
-0.304155
0.32691
1.09753
0.817064
1.18189
-1.10793
1.20228
-0.20792
-2.06545
-0.14165
0.0128139
0.673314
1.52352
-0.00814719
-0.486509
-0.547282
0.842537
-0.667472
0.0921196
0.132615
-1.96478
-0.981957
-0.703662
0.15596
-0.420036
-1.34245
-0.792843
-0.39576
2.17946
0.876517
-1.52352
0.713495
1.06987
0.766715
0.147448
0.253015
0.850199
-0.525551
0.653485
-0.365002
1.43449
0.701997
1.09182
0.24962
-1.07381
-1.42218
0.309769
-0.543553
0.78293
-1.68156
0.902308
-1.60099
0.0243672
0.49151
1.09949
0.443633
-0.422795
-0.482896
-0.629335
1.02331
-1.74144
-0.194493
0.0641881
0.126444
0.640095
-1.2763
0.207685
1.19132
1.31146
-1.36638
-0.702879
1.13621
0.313302
-1.08353
0.470811
-1.34472
-0.398823
1.23754
0.108111
0.0304129
1.58736
0.904263
0.351136
0.0554516
-0.426646
-0.0386797
0.850089
-0.111806
-0.117042
0.697015
1.6021
0.272495
1.10836
-1.40432
0.823382
-1.29624
0.834817
0.0620419
-0.259023
0.00929471
1.07096
0.638219
1.24067
0.438153
-0.703956
-0.100727
0.22256
0.22876
0.500334
0.6938
1.17744
0.804313
-2.36928
0.342525
-1.75057
-1.39759
-0.328282
-0.887579
-0.26021
-1.08794
-0.621335
1.49205
1.77259
0.711129
-0.498167
-0.0308721
-2.77658
-0.642162
0.568015
-0.643291
0.317804
1.05002
0.628309
-0.572876
1.11759
-0.0275812
0.874721
1.15494
-0.340254
-2.97501
0.619388
-0.623471
-1.32165
2.80671
0.283548
1.02784
-0.764152
-0.281318
1.26413
-0.79211
0.378446
1.95953
-0.636813
0.347559
-0.933196
1.95383
0.316357
-1.11218
1.52719
1.45424
-1.43385
0.83525
-1.76856
1.05654
-2.11007
0.0726994
2.50964
-1.27199
-0.62533
0.93166
1.71822
0.685068
-0.191453
0.847019
-0.534177
-1.75093
-0.54986
-1.33421
0.095731
0.345609
0.241185
0.717151
-0.81621
-0.669002
0.950961
1.60486
0.263456
-0.142732
-0.071779
-0.568015
-1.74987
-2.13035
-0.323764
1.35346
0.179313
1.78075
0.232452
-1.5206
0.683424
-0.497302
-0.113114
-2.00026
-0.113345
0.87125
-1.12246
0.0513914
-0.635501
1.0438
-0.0168687
-0.593004
-0.00699968
0.0977293
0.1425
0.895433
-0.286097
-0.564064
-0.626912
-0.771342
-0.198236
1.25449
1.38911
2.4939
-0.219895
-0.051468
-2.55295
0.399983
-0.493755
-0.984687
0.67995
-0.645079
-0.572155
1.60403
-1.14251
-0.073313
-1.2145
0.410946
0.311294
-0.347477
-0.204638
-0.256809
0.175194
0.251199
0.725586
-0.38083
-0.590908
-1.12996
-1.01482
-0.182423
0.752526
-1.28481
1.73176
0.226012
-0.162081
-1.33907
0.883164
-0.531885
-0.589906
-0.348859
0.00432218
1.89766
-0.854709
-0.624028
-0.301512
1.14841
1.53311
-0.128526
-0.418449
-0.435124
-1.44506
-1.60403
1.03644
0.462792
0.765894
0.0868201
-0.966953
1.06204
0.411945
-0.677157
-1.10963
-1.59197
-0.0877415
0.0109013
0.527748
-0.478174
1.30875
-0.887352
0.379185
-0.0418952
-0.250489
0.393528
0.112191
-0.159136
-1.85969
-2.10514
-0.00516368
2.41613
-0.125827
0.0470257
0.513381
-0.302794
-1.48234
-1.31436
-0.535325
0.579831
-0.573056
0.994297
0.463644
-0.344229
-2.22527
-0.00516368
0.259498
0.206904
-0.374586
0.351625
-0.545417
-0.260447
0.279648
0.464666
2.34828
-1.39637
-0.0170983
-0.198314
2.69593
-1.08601
0.735876
-0.746852
0.645079
-0.754558
-1.1109
0.0587464
1.33012
1.25047
0.241815
0.734172
-1.01803
0.2037
-1.01239
0.134622
-0.160608
0.597662
-1.62516
2.06159
-0.00684667
-0.128141
-0.35016
2.10374
0.0806787
0.482294
-0.694676
0.642538
0.162933
-0.966343
0.195584
1.02654
0.177136
-0.886899
-0.447181
-0.275513
1.14207
0.0808322
-0.351136
0.220365
1.04195
-0.0241376
-1.66359
-1.06865
-0.0569074
-0.373437
-0.326506
2.5776
0.615963
-0.493151
1.27165
0.20792
-0.226718
-1.12275
-0.465689
-0.513381
-0.319495
0.161306
1.29926
-0.450312
0.678697
1.02318
0.212378
-0.274004
-1.10089
-0.754965
-1.86882
0.792319
-0.478259
1.29624
-0.202607
-1.19741
0.14768
-0.471837
-0.745639
-1.52646
1.94972
-0.98419
0.897949
0.723
-2.30804
-1.86882
-1.41092
1.89905
0.227111
-1.11545
1.76892
0.380583
1.49042
1.63731
-1.32495
-0.930952
0.221698
-0.646399
-0.387831
0.827361
0.576124
-0.190363
0.279727
-0.0783764
-1.05428
-0.366638
-0.0200057
0.824993
-0.771445
-1.55683
-0.406206
-0.997563
-2.28872
-1.00059
-0.59757
0.662128
1.1674
-0.458539
0.071779
0.241342
1.55735
2.32942
1.44898
-0.404711
-0.0709354
-0.561913
0.590725
0.869462
0.730871
0.182968
0.292079
-1.39072
-0.0028687
-0.0249029
-0.833517
-0.58536
-1.31128
1.62059
0.449973
0.23898
-0.908531
1.44876
-2.59716
0.992168
0.276785
0.0683281
-0.134082
-1.27561
-1.31164
-1.00147
0.219111
0.480576
-2.00366
-0.607845
0.713594
2.68172
-0.206669
0.139719
-1.2274
0.0539193
0.360182
2.25733
-1.87767
0.137247
0.904148
0.405292
-0.384122
0.984066
0.131149
0.6976
1.8087
0.713495
1.60403
0.416446
-0.722801
-0.539744
-0.135163
-0.0381438
1.49066
-0.598668
0.191453
-1.78525
3.61086
-0.674946
-1.61071
0.191375
1.42345
-0.00363369
-0.381323
-0.632228
1.99744
-0.256809
-0.795674
0.634004
-1.03644
0.83601
-0.967564
0.505195
-2.64207
0.113653
0.158284
1.28726
-0.607109
0.950961
-0.953609
0.100343
-0.103034
-0.00776468
1.06703
-0.587631
-0.709455
2.45007
-0.268369
2.41755
1.40864
-1.38251
1.32147
0.082751
0.729872
-2.04028
-2.3954
-0.121742
-0.116734
-0.5195
-1.04816
-1.38911
-0.162623
0.468078
-0.847676
1.25854
0.047715
0.215822
0.947959
0.0608922
-0.233159
0.271701
0.440007
-0.337986
0.0229898
-0.844284
0.96111
-0.890077
0.779401
-0.635501
0.767023
0.220365
1.32624
0.702291
-1.21787
0.856916
0.155573
-2.16808
-0.578383
0.498341
-1.44245
1.14796
0.712016
-0.471837
-0.662414
-0.392205
0.57965
-1.31327
0.404545
1.41925
0.543199
0.856585
-1.33142
-0.881922
-0.211517
-0.0455707
0.315954
1.52401
-2.11506
0.0488638
1.18435
-0.326022
-1.20718
1.3863
1.44811
0.333373
1.05348
-1.38971
-0.053996
-0.78772
-0.77196
-1.37598
0.778676
0.105573
-1.86012
0.741302
1.17043
-0.741202
0.50042
0.385028
0.21872
-0.522742
-0.803045
1.63469
1.62803
1.63527
0.0903528
0.676869
-0.130146
-1.98797
0.572155
0.299832
0.722603
1.2336
1.56511
0.274878
-0.39171
0.97369
1.97168
-1.33403
0.241972
0.349428
-1.8903
-0.624493
1.4281
0.0266629
0.220914
0.826715
-0.0226838
-1.80051
-0.720023
-0.116349
1.1845
-0.682362
-2.25538
-0.848772
0.0236785
0.107573
-0.488146
0.186936
-1.83938
0.145438
1.21851
1.05401
0.162778
0.44203
1.73314
0.908069
1.64024
-0.556546
1.96372
0.216605
1.26942
0.188493
-1.46894
-0.24962
-0.664798
0.731771
0.573958
0.777434
-0.932014
0.702095
0.324006
1.46916
0.0595894
-1.47006
-0.160763
0.924013
-0.796304
1.32348
-0.892239
1.18977
0.975535
-0.208232
-1.04103
0.336285
-0.46748
1.00514
-2.07064
-0.721908
1.37657
0.499207
-2.45628
-0.378446
-0.594646
0.272257
1.09238
-0.889963
1.48764
-1.38871
-0.34829
-1.04829
1.44462
0.441018
-0.532237
-1.875
1.27699
1.07791
-0.0855148
-1.15733
-0.246465
-0.643385
0.6813
-1.08394
0.579921
-0.637094
0.737482
-0.290962
1.99352
0.915954
-1.1102
-1.40782
0.978865
0.0536129
1.18497
-0.809185
0.0685581
0.234732
-1.41507
1.03592
0.0636515
-2.61078
-1.13724
-0.403466
0.357653
-0.453955
0.972831
-0.695845
0.846471
-0.0402874
0.644232
-0.163011
-0.443043
-1.27786
0.715964
-0.42221
1.68219
0.0802949
0.462963
0.206357
-0.287691
-0.530211
-0.0814462
-1.26703
0.545683
-1.74494
-1.49837
-2.60848
-0.371634
0.443211
0.122975
-1.03709
-2.43497
1.10469
-0.628589
1.04274
-1.16227
0.144819
2.13331
0.213473
-0.177136
0.242524
0.136784
-1.16604
-1.04485
-0.807806
-1.14031
3.18155
-0.78772
-0.127369
-0.102035
0.575582
-0.501721
-0.668236
-0.40189
0.218798
1.4895
-0.551017
0.483326
0.302233
-0.334748
-0.632135
-0.642068
-0.313382
0.69643
0.76364
0.488749
-0.898063
-1.36892
-0.0382969
0.37065
0.259102
-0.279409
0.326426
1.079
0.199329
1.42556
0.381735
1.3357
-0.901848
0.218563
-2.11649
-0.376556
-0.463388
-0.2415
1.54841
-0.702193
-0.397995
-0.472179
-1.30587
0.0427375
1.78865
-1.3744
-1.45733
-0.369667
-0.377788
0.148918
0.34431
1.80284
1.2102
-1.05374
0.0102892
1.14841
-0.316759
0.50763
0.821987
-0.631574
-0.726482
0.312418
0.708865
-0.439501
-0.0587464
0.139333
-2.05396
-0.65358
1.6803
-0.682941
1.27028
0.82306
0.594099
-1.39051
-1.5535
2.78388
2.06223
1.4362
-1.39516
-1.1068
-0.176204
0.268766
-1.21578
-0.46748
0.0849005
0.945205
-0.539833
1.20972
0.0392156
0.707685
-1.33664
-1.87014
0.111652
-1.16393
-0.953007
0.729872
2.7107
-2.12155
-1.98686
0.590725
-0.825316
-0.487543
1.62487
0.825854
0.248595
1.01329
0.176204
-0.777744
0.370159
-0.783138
0.13941
-1.63673
-0.0180164
-0.0125078
0.428574
0.347802
0.619203
0.152244
0.902537
-1.63965
-0.978865
-0.219268
-0.543908
-1.40146
-3.31527
-0.829949
0.781372
0.68681
-0.270511
-0.606373
-0.319897
1.75519
0.515914
2.15699
-0.878879
-0.873712
-0.316196
0.339849
0.814396
1.46512
1.7527
-0.855702
-1.74529
0.575131
1.70991
-0.736879
0.0845167
-0.127215
-1.17698
0.469444
-0.491941
1.23442
2.47711
1.19179
1.75128
2.31579
-1.16197
0.134699
0.788242
2.04957
1.02706
-1.90747
-0.836986
0.975412
-1.37598
0.128912
-2.53543
-1.37009
2.63709
1.18235
0.455906
0.0812159
1.80129
-2.71373
-0.347802
1.29095
0.729573
-0.761696
0.625888
1.68345
-0.34358
-0.175194
-0.5195
-1.33198
-0.811309
0.869239
-0.176049
2.36051
-0.0931184
0.729173
0.370322
-0.550839
-1.46111
-0.256492
-0.219111
1.12275
-1.62976
-0.810459
-1.56433
0.63775
1.45955
-0.176515
1.64585
-1.3372
0.594829
0.483498
0.34431
0.0693249
-0.245361
-0.555832
-1.49275
3.15829
-0.952525
1.73624
0.231509
-0.0284996
0.113345
-0.7409
0.930362
1.9262
0.265198
-0.401641
-1.22093
0.494101
-0.497561
1.30229
0.527484
-0.706114
-0.482982
-1.56303
-0.541515
0.165725
-0.942101
0.0623484
-1.14457
-0.466798
-0.416279
-0.85493
-0.698576
0.455822
1.14148
0.389893
-1.19866
-1.33124
-0.625423
-0.466712
-0.624772
-1.42281
-0.613468
0.248358
-1.71755
-0.047332
-0.985805
0.498254
-0.78866
-0.429748
-0.427065
-0.0787601
0.0918892
0.779194
0.307282
-1.22708
1.53064
-1.07654
-0.630641
0.910614
-0.0089887
0.239925
1.53884
-0.266308
1.07286
0.208232
0.575763
1.55324
-0.707489
-0.27067
-0.215195
-0.0588997
0.500854
-2.39138
-0.9127
0.736779
0.739491
0.573327
0.776606
-1.17316
-0.617443
0.0968838
-0.116349
-0.186158
-0.941982
2.19028
0.669767
-0.59556
-0.0127374
-0.870468
-0.628869
-0.330705
-1.10694
1.58548
0.478088
-1.66849
-0.164174
0.360427
-2.4105
-0.881809
0.213238
0.592001
-0.223815
-0.539833
0.0409764
0.223658
0.272019
-2.55897
-0.0761514
0.0944246
-1.08436
1.04327
1.09865
0.75527
0.0091417
0.037072
0.371716
2.84396
0.0196231
-0.313141
0.693313
0.264565
0.738084
0.371961
1.2493
-1.62173
0.733071
0.939481
-0.822201
-0.254595
-0.393114
0.997563
-1.44137
0.139951
-1.39698
0.121664
0.436386
-0.580374
-0.227974
1.94209
-0.287771
-0.106573
1.58763
-2.33757
1.15583
0.439922
1.04922
1.17119
0.731671
0.308485
0.642538
-1.07695
0.805582
-0.204403
1.31363
0.0348521
-0.221071
-0.632695
-0.213473
-0.497908
0.482638
0.161616
1.1216
0.652917
-0.209796
-2.0117
-0.580283
1.39031
-0.360754
0.53824
2.0648
0.674082
0.120817
0.376474
1.51335
0.321991
-0.0999586
-2.44854
-0.250173
-1.47209
-1.08642
-0.481435
-0.477402
-0.84221
1.61775
0.968664
-0.441608
-0.660129
-1.2463
0.188883
1.17805
2.0812
0.440934
2.67894
-0.709849
-1.03592
-1.29042
1.34038
1.27165
2.28768
-1.41175
0.347802
-0.698869
0.891897
0.711228
1.48764
1.1907
0.355778
-1.61606
0.601324
0.200421
-1.68566
-1.10019
-0.859237
-1.07218
-1.31891
1.08133
-0.834817
-0.738185
0.128141
-0.937936
0.361979
-0.125827
-0.728475
-0.712607
0.564244
0.39452
0.589724
-0.284025
0.419618
1.04776
-0.661366
0.256255
-2.4939
0.384204
-1.62002
0.295354
0.82306
0.22876
1.23639
-0.324651
1.42556
-0.386264
-0.958079
1.39273
-1.83938
-1.03487
-0.620037
-0.145206
-1.82666
-0.445914
-0.0172513
0.242209
0.750395
-0.148144
-0.352927
0.665275
1.22886
0.995427
0.065798
-0.422879
-0.305357
-1.31454
-1.21402
2.04028
1.30462
-0.885652
0.705133
-0.0442689
-0.318207
1.22789
-1.10272
-0.205732
1.03539
-0.822631
-0.808124
-0.18429
-0.654148
-0.500854
-1.44876
1.21578
2.63462
1.14339
0.195117
-1.11716
1.54209
-0.830705
0.179779
0.983073
1.06622
-1.56798
-1.81422
0.751105
0.909109
0.266863
1.11888
0.122898
0.184679
-0.320863
0.343093
0.0294179
-0.0802949
0.376967
-1.95589
-0.0731596
1.37185
-0.949519
-0.402968
-0.295514
1.64585
0.286655
0.738486
0.448365
1.3417
0.384863
0.54249
-0.453277
0.704741
-1.19584
1.88893
-0.177136
-1.28464
-1.29095
-1.13972
-0.486596
-0.279727
-0.258311
0.623006
1.44876
-0.215117
-0.654528
0.779609
0.350892
0.0618886
0.694092
-1.15033
-1.33124
0.476802
0.852617
-1.02292
-0.547459
1.05441
-1.32532
0.051468
0.137325
0.692535
1.88621
-0.882712
-0.0029452
0.0406702
0.229938
0.190752
0.603434
-0.63972
-0.578474
-1.34813
-0.388655
-0.98171
0.0430437
0.933669
-2.35927
2.18692
-0.217388
0.569274
0.183357
0.393032
-1.05761
1.3014
-1.15703
1.15345
-0.884973
0.324248
-0.161073
-0.344067
0.868235
-0.263456
0.179002
0.432939
0.468078
0.642632
0.698869
-1.0611
-1.46961
-0.49964
-0.797986
-1.07572
-0.0989592
0.282751
-1.59687
1.09433
-1.77554
-0.969153
1.98631
3.01574
1.72225
-0.379596
0.892125
0.296073
0.745437
0.630268
0.499814
-0.333858
1.59605
-0.994172
1.18219
0.0924269
1.02901
-0.322636
-1.72971
1.52768
-1.0138
-0.0482511
2.2467
-0.719527
-1.88848
2.89058
0.388655
0.508152
-2.06031
0.815249
-0.282512
1.13025
-1.49837
0.489612
-0.557797
-0.457944
0.0722392
-2.12519
0.350567
0.976521
0.321911
1.30104
-0.840575
-0.850308
-0.76323
0.133542
-0.0622718
-1.42092
-0.419201
-0.424217
0.171078
-2.29294
-0.514342
1.54917
1.06285
-1.75949
1.91174
-0.309608
-1.34434
-1.84355
1.14619
-1.09544
-1.35826
-0.759959
0.650836
-0.753643
0.486337
2.18692
-0.521603
-0.150542
-1.28028
-0.287851
0.608765
0.238193
-0.420287
0.126521
0.532326
-2.21271
1.01713
-0.376146
-0.17939
-1.46044
-1.86228
-0.0152621
0.159446
-1.6524
0.882938
-0.103265
-0.164096
-1.3372
1.05561
-0.192155
-0.0743102
0.136166
0.437732
0.292878
-0.728076
0.0549919
-0.864672
-0.966221
2.02222
0.703662
-1.72225
-2.8028
-1.1206
1.29306
-1.47663
0.750294
0.245913
-1.01649
-0.249068
-0.290403
-0.504673
-0.588268
0.241264
-1.05534
1.30929
-1.03383
-1.38371
-1.59278
2.18359
0.472521
0.137865
-0.547815
0.793576
-0.354311
-0.164174
-0.265436
0.643667
-0.753338
-1.20893
-0.821558
0.829733
0.0427375
-1.37696
-1.46155
1.3867
0.943294
0.379678
-0.334181
0.383381
2.70177
-0.427568
1.04816
-0.885992
0.14026
0.53771
1.18713
0.95048
2.32029
0.475431
-1.6803
-0.762412
0.266704
-1.40146
-0.781476
-0.437648
-0.577389
-0.0869736
0.176748
-0.0138849
1.23524
-1.86533
0.243233
0.0566009
0.421206
0.324167
0.358713
-0.837747
-0.593916
0.257599
2.63709
-1.10864
1.81264
0.294635
-1.35041
-0.470811
-0.220052
-1.37283
0.761082
-0.335476
0.581008
-0.247885
-0.510852
0.762821
-0.770415
0.260447
1.52548
-1.06124
-0.140491
0.314347
0.848772
0.704446
2.07589
0.889963
2.28768
-0.114885
0.134236
1.05321
-0.231745
-1.13286
-1.53884
0.652255
-0.0799112
1.06527
1.24001
3.08813
-1.38172
2.02877
-0.631201
0.65377
-1.57826
-1.35787
1.27148
0.895776
-0.35855
-0.496523
0.819416
0.186002
-0.406372
0.835359
-0.295354
0.132384
-0.228917
0.9506
1.08629
0.273051
-0.874273
-0.199173
1.64112
0.608765
0.626447
1.15957
1.2998
-0.975535
0.69721
-1.01572
-2.11078
-2.09268
-0.0385266
-0.0573671
-0.177836
1.85625
-1.23131
-1.40597
-0.0217656
-0.596108
-0.258627
0.0331682
-0.00799418
0.604719
-0.0407468
-0.265119
-1.7209
0.462877
-0.338715
-1.89673
0.863894
1.00692
-0.972339
0.784282
-2.05396
2.73565
0.338067
0.396174
-0.188571
-0.702487
2.32712
1.26481
2.15855
2.30043
0.239767
-1.01482
-1.09795
-0.441946
-0.0664113
1.92279
1.12693
1.40761
-0.641128
-1.21899
-0.232216
-1.41715
0.166966
0.176204
0.733571
-0.818667
-0.504413
0.569994
2.6131
-0.739793
-1.85668
-0.167121
-0.415028
-0.896233
0.745841
0.523181
-0.99618
0.326668
-0.125287
-0.0434266
1.01495
-2.36424
-0.323684
-0.292319
0.0429672
0.459644
1.02797
1.42746
0.885766
0.430168
-0.134313
1.07818
0.0313313
1.42366
1.65903
-0.0325559
-0.481092
-1.15092
0.0388328
-0.591363
0.0388328
0.703858
-1.51142
0.821558
1.21339
0.256413
-0.0496297
-0.570084
0.110651
-0.637375
0.194961
1.00603
-1.59088
1.70367
-0.163321
0.177447
0.283866
-1.06285
-1.36386
0.306079
0.0030982
-0.798407
-1.22626
0.110266
0.526078
0.986676
-1.00679
1.00768
1.00946
-0.833625
1.52646
-1.11389
-0.362224
0.536561
0.519588
0.915605
-1.62344
-0.428239
0.641222
0.553958
1.42239
-0.355859
1.84313
-0.152322
-0.0480979
-0.0280404
-1.61974
-1.05321
-0.343823
-1.06676
-0.847128
-0.572245
0.0689415
-1.77814
-1.53859
2.10025
0.737381
0.476202
1.06744
1.10878
1.40617
2.27835
-0.954212
0.620779
-0.193012
0.301753
0.0468725
2.68452
0.322878
-0.659844
-0.884294
-0.49436
0.113884
-0.19083
-0.325216
-0.624493
-0.280204
-1.65631
-1.02125
0.197378
0.332483
-0.334505
-0.383463
0.424887
1.21211
-0.2441
0.736679
-1.9924
-0.194727
0.24678
1.18512
-0.481178
0.0445752
0.897834
-0.0703218
0.147603
0.037761
-0.419034
-0.610055
-0.412278
0.877866
-2.19536
-1.16348
-0.126213
0.173718
-0.730471
0.528099
1.02577
-0.104649
1.07069
-0.461686
-0.347802
-0.978248
0.833408
1.10553
-1.68948
2.12373
-0.37935
-0.37065
0.118274
-0.613006
-2.81466
-0.777951
-0.0491701
-2.15542
0.823597
0.689621
-1.15628
-0.400066
2.00881
1.0607
-0.25507
-0.813224
-1.69235
-0.0178634
0.0595127
-1.58871
1.02564
-2.08995
-0.708275
0.736077
1.398
0.837638
-1.85199
0.334667
0.48496
-0.766407
-0.705035
0.315874
0.544795
0.252936
-0.0871272
0.941743
0.254595
-2.3731
-0.902882
-0.845158
0.919684
0.220052
1.91364
0.0736965
1.52695
-0.441103
-0.663558
0.965489
0.157199
1.32606
1.74318
1.97328
0.284583
0.112037
-1.89535
0.88023
-2.13109
-0.0490169
-1.07096
0.258548
0.183279
-1.60459
0.237878
-1.96425
-1.45513
1.54084
0.583999
0.039139
-0.318368
0.132384
0.761287
-0.644138
0.174029
-0.86445
0.465604
0.235754
1.24381
1.31672
0.032862
-1.26737
0.153251
0.332726
-0.7896
-0.830165
-1.03448
0.405126
-0.42673
-0.0562944
0.572155
1.40432
-0.567116
0.134931
-0.59191
-1.01726
2.11078
0.866675
0.976521
-0.0931184
-0.564423
0.425138
0.23088
-0.509894
-1.05936
0.826069
-0.0125078
-0.111267
1.04367
1.82423
0.869797
1.68884
-0.467651
1.00109
0.904954
0.205341
0.771754
0.0500126
-0.336123
1.22578
0.86445
-1.46894
-0.344229
-0.450058
-1.37874
1.12203
1.28011
-0.0755376
0.891442
2.89058
-0.984314
1.4182
-0.962081
0.0213065
0.824456
1.16348
0.531797
0.880906
0.980348
1.34377
-1.1387
2.14006
1.41715
-3.5633
-0.392371
-0.580736
1.22319
-0.420705
-0.934498
0.288967
-0.119276
1.49066
0.317483
-0.530035
-1.33105
0.164561
-0.871809
0.984438
0.9273
-1.25837
-1.94513
-1.85326
-2.86649
0.582548
-0.247963
-0.88486
0.893037
-1.77112
-0.261793
0.570264
0.285539
0.679757
-0.931896
1.22254
0.699455
0.598943
0.839813
-1.58119
-1.1935
-1.12664
1.66849
-1.41569
1.13069
0.330786
0.00416918
-0.605546
0.858131
-1.00008
-0.544263
0.397829
0.554582
-0.47526
-1.34528
0.670533
-1.37815
1.38911
-1.58898
0.676292
0.695747
0.556278
0.539125
-0.448196
0.312499
0.95048
0.515652
0.957837
-1.17484
1.85369
-0.222482
-0.794834
0.301753
1.03291
0.510591
-0.216056
-0.324571
2.16889
0.470554
0.0346991
-0.859791
-0.570444
-1.25635
-0.19652
0.0155681
0.0643414
-2.57548
-0.267101
1.40146
-0.732071
-0.742814
-1.03959
-2.22893
1.97921
0.34951
1.11503
-0.129066
0.382064
-0.194727
1.09739
-1.31982
0.590908
-0.12151
-0.843301
-0.531092
-1.75377
-2.09887
-1.90747
2.27835
-1.00933
1.53262
1.62889
0.627098
0.759448
-0.323684
-1.04485
-0.160221
-0.519588
-0.508239
0.312017
0.843301
-1.7913
-1.64053
-0.694189
-0.662319
-1.47481
0.617813
1.83237
-0.118351
-0.323281
-1.19413
1.63469
-1.69977
-1.08119
0.572786
1.13185
0.980101
1.29998
0.167121
-0.730671
-1.87678
-0.103496
0.1927
1.32938
0.459049
-1.14944
1.16227
0.664511
-2.4119
-0.320944
-1.60017
-0.0228368
0.843738
-0.356267
0.474489
0.841774
-0.171311
-0.289685
-1.54134
0.410696
0.769489
0.918984
0.180012
1.68377
0.308565
0.0661813
0.0908905
-0.0247498
0.521778
-0.532854
-2.10936
-0.686423
-1.33626
-0.350648
-0.162391
-1.11788
-1.58898
-0.0555282
-0.183123
-1.76383
-2.35557
0.326748
1.0259
-0.0877415
0.753948
1.22886
-0.47526
-0.0248263
0.775159
-0.0683281
-0.740698
-0.285539
-0.378363
-0.0832884
0.289366
0.391545
0.6813
-0.397581
0.74241
0.597022
-1.12218
0.629148
-1.40803
-0.860677
-1.70334
-0.00983022
1.19023
0.719725
0.489525
0.350974
1.09823
0.678023
0.0248263
-1.25534
0.877753
-0.211517
-0.362877
1.84481
-0.919334
1.23935
0.898063
-1.80323
-0.334424
3.18155
1.17195
-0.146133
-1.2808
0.595103
0.379103
-0.784074
0.889054
0.383793
-1.00071
-0.283946
-0.0197762
-1.22968
-1.68125
0.362959
0.909919
-0.368848
-0.958079
-1.53485
-1.55966
0.0415124
1.08367
-2.96247
0.252462
0.310973
1.8697
0.22821
0.0565243
-0.0214595
-0.43504
1.52499
-1.05481
0.66948
1.02421
0.0844399
1.39374
0.691855
0.83916
1.37303
0.215039
0.658513
0.226954
-1.39132
-1.94615
1.462
0.0849005
0.641504
0.44845
1.10342
1.16483
1.12189
1.38851
1.14796
0.506586
0.446505
-0.239689
0.727079
0.862007
-0.219033
0.34358
0.462707
-0.234339
-0.868235
0.693897
-0.537445
0.0617353
-0.894405
2.24007
-0.709947
2.04645
-0.323442
0.10488
1.27096
-2.20309
-0.525726
-0.0431969
-0.0131964
-0.756492
1.20165
-0.23088
0.397415
1.94361
0.949159
-0.324248
-0.611345
1.42155
0.324409
1.61521
1.54917
1.02538
0.666516
0.963054
0.67389
-0.251357
2.02519
1.46022
0.545061
1.77333
-0.00615817
-0.649324
0.183901
-0.697698
0.464411
0.435881
-0.247411
0.845049
-0.916885
0.513381
0.149923
-1.18435
-0.436218
0.0472554
-0.014803
-0.258865
-0.333211
-0.274957
-1.58602
0.647059
0.0809857
-0.0613521
0.350811
1.05989
0.150233
-0.0882791
1.33795
1.6639
0.317241
1.40576
-0.109804
2.33757
-0.753237
0.55878
-1.53311
1.43022
-1.42937
-0.0444986
1.71588
-1.26549
0.0435797
0.076535
0.769387
-0.0130434
-0.0346225
-1.90795
0.151006
1.13316
0.190596
1.89859
-0.0245968
0.321105
-0.806111
0.751511
0.714285
-0.326829
-0.0668713
1.35557
-0.621706
2.09679
0.297432
0.0578269
-0.196754
-0.764357
0.780127
-0.353904
1.39942
0.355778
1.83442
-1.86576
0.433359
1.0467
0.720221
1.18296
0.571434
1.38092
1.36892
-0.0183989
-0.165027
1.26959
-0.887352
-1.08051
0.631761
-0.42958
0.357001
-1.01329
0.316276
0.584089
0.732071
0.217858
0.987548
0.505195
0.250173
-1.56955
1.22561
-1.62774
-0.718933
-0.668619
-0.643855
-0.564064
1.31909
1.24964
-1.6803
0.717942
-1.91079
0.45752
0.992794
-0.752627
-0.420287
3.22003
-1.2483
0.711622
0.258153
1.72631
1.10342
1.29873
1.69912
-0.0868969
1.53163
-2.53165
-0.307362
1.46849
0.11373
0.175194
-0.334343
-0.309287
0.128835
0.395595
-0.490647
-0.106111
-1.23458
-1.69782
0.276149
-0.905992
-2.27022
-0.434704
-1.45778
1.14119
0.0620419
0.11943
0.335476
-0.96732
1.87102
0.0712421
1.13476
0.039828
1.05148
0.393858
-0.128141
-1.40617
0.927065
-1.20734
1.2782
-0.215822
-0.784386
-0.31708
1.1907
1.11659
0.0107483
2.15855
-0.27758
-1.3658
-0.266387
-0.320139
1.58173
0.0942709
1.21371
0.969643
-0.473804
-0.0971912
-1.61634
-0.562271
0.956627
-1.06083
0.936749
-1.69492
0.542755
1.52523
0.21363
-0.896004
0.171234
1.31836
0.875058
0.558155
0.19309
0.120817
0.218171
-1.00438
-0.666707
-0.146829
-0.665084
0.777848
0.0249029
-0.59876
1.70074
-2.12593
1.51551
-1.11446
-0.240476
-0.447097
0.996432
-0.0961152
0.28522
-1.12218
-1.15241
0.28793
1.18466
1.55324
-0.0723926
-0.324087
1.02628
-0.302874
1.37894
-0.296473
0.952646
-0.680721
-0.480748
1.10737
-0.536296
-0.696917
0.658988
0.116194
0.547282
0.160841
-0.349835
-0.867566
0.0814462
2.54312
0.728076
0.445069
0.526869
0.389646
-0.323684
1.4492
-0.534795
-1.67127
1.07695
0.791168
0.680721
0.310973
-0.885766
-2.31357
-0.417447
-0.242839
-0.664702
-0.0469491
-0.757816
1.67065
0.458029
1.51963
1.23836
-0.705427
0.78866
-0.996306
-0.894519
0.335395
-0.523269
-1.73935
0.75405
0.283468
0.75853
-0.276626
-0.472264
-0.184524
-0.511201
1.54209
-1.24964
-0.566398
0.0922733
-0.241264
-0.111883
-0.575402
0.0866665
-1.51672
0.407203
0.52134
-0.0111308
0.527396
0.641974
0.979606
1.16107
-0.368439
0.948799
-1.75662
1.66665
0.808548
-0.230488
-1.51214
-0.446674
-1.63702
-0.716854
-0.117581
-0.107496
-1.58093
-0.816743
-1.60127
0.468163
0.286017
1.6138
-0.315794
0.89875
0.659559
-0.205966
1.24298
1.01662
0.783242
-0.480834
2.38476
0.570534
-1.43857
0.0703218
0.50016
0.808336
0.69926
-0.0882791
0.884407
2.1363
-0.051085
0.0176338
0.607477
-1.24232
-0.0369955
-0.305037
-0.290243
-0.0974987
1.84817
0.590452
0.576937
-0.837312
-1.31436
0.337338
-1.12333
0.0261272
0.287452
-0.0674847
-0.817384
-1.22286
-0.139333
0.595651
-0.55744
-1.06838
-0.964636
-1.04274
-1.33124
1.60904
0.847566
-1.50167
-2.34948
0.745841
0.835142
-2.16013
-0.631108
1.72292
0.354393
0.182268
0.143737
0.23961
1.67096
0.323522
-0.303034
-0.754151
0.153328
1.17912
0.364675
0.233238
-0.397415
1.07177
0.701215
2.00366
-0.362305
-0.822201
1.16922
-0.989668
-1.45645
0.166733
-0.27607
0.0749239
-0.913629
0.863894
-0.342119
-0.340984
1.03239
1.1536
-1.29501
1.05294
0.978001
-1.36095
-0.263297
0.918867
-0.3257
-1.35212
0.802517
0.727777
-0.770724
-0.472692
-0.567116
-0.884747
0.881132
-0.778676
1.0953
0.669767
1.10864
2.19112
-0.435292
-0.488749
-0.209014
-1.02654
0.602424
-0.295833
0.300472
0.712114
1.26379
1.917
-0.624121
-0.161926
-0.162313
-0.184135
-0.165337
-1.26158
0.287213
-0.645739
-1.18189
0.470469
-0.0794508
-0.0123548
-0.488922
-0.0608156
0.568644
0.206278
-0.230645
0.264168
0.301592
-0.297352
-0.412945
-0.848443
-0.00516368
-0.541072
-0.362305
0.480319
-2.17863
-2.52049
1.12476
1.39293
1.26805
1.65541
-0.78866
-0.126521
-0.627564
1.80401
0.921554
0.550038
-0.844393
-0.895433
0.29152
-0.289845
0.604627
0.634659
-1.23902
0.810565
1.12045
-0.797565
-1.47413
-0.0661813
1.29412
-0.00814719
-0.903918
1.1845
0.0244437
1.75199
0.215665
-0.394685
1.68693
0.128218
0.58745
-0.969643
1.60597
0.917468
-0.273607
-1.41925
-0.371142
-0.228446
-0.209796
1.25366
-0.18289
-1.86707
0.895547
0.227896
0.398243
-0.0613521
1.32957
0.275275
1.79781
0.458369
-0.651687
0.495657
-0.321911
-0.355452
0.956506
2.1122
0.773507
-0.46748
-0.474403
0.608581
-1.96478
0.95373
2.38345
-0.516438
1.28307
-0.659464
-1.95745
1.21179
-0.655855
-0.351381
0.441946
0.152941
1.04367
-0.293996
-0.825746
-1.36173
-1.16937
-0.387583
-1.67344
-0.923661
-0.000114748
0.601324
1.79245
0.0573671
-0.0654146
1.30623
0.669959
-0.379514
-2.61543
0.101727
-0.505716
0.94222
-0.031714
-0.497215
0.0704752
-1.85883
1.28533
-1.37736
1.14133
1.03801
-0.528627
-1.40864
-1.51648
0.0278108
-0.504152
2.32369
0.844175
-1.43964
0.765689
0.393858
1.22173
0.401226
-0.65112
-0.614022
0.563078
0.381241
-0.190207
0.554493
-0.165492
0.669863
-1.00349
1.5879
0.972585
-1.704
-0.294235
-1.20972
-0.800407
1.77444
-0.336528
-0.537887
-0.750902
-0.394685
0.241815
-0.0690949
-1.21691
-0.107804
1.3417
0.668906
-1.02992
-0.990792
-1.56876
-0.415362
0.953248
-1.25248
-0.529595
-0.327555
0.158051
-1.04051
-0.742511
-2.05586
-0.211282
0.978248
-0.00623467
-2.3731
0.569634
-0.880794
0.097883
-2.04336
1.68219
0.279329
-2.55295
-1.86664
1.31891
-0.989793
-1.74179
-1.22529
-0.368439
-2.13931
-1.56746
0.571524
-0.422544
-0.368357
-0.930126
-2.19196
-0.535325
-0.0127374
1.81422
-0.664511
-1.28691
0.032862
0.443465
0.611622
-0.66032
-0.895661
0.155728
-0.330463
-0.540895
-0.0575204
0.141341
-0.0822905
0.514866
-0.25926
0.826392
0.22821
-0.625051
-0.0355411
-0.497908
-0.780231
-0.322716
0.559764
-0.173252
-1.24315
1.82021
-1.40906
-1.14163
1.57906
0.663939
0.525112
1.18822
-0.54906
-0.149614
0.346259
-0.474832
-0.272892
0.100112
-0.603984
-0.952405
0.91607
-0.132924
0.0730062
0.922841
0.113884
-0.216056
0.394768
-2.64459
-0.180401
-0.880794
1.39516
1.06865
0.455906
0.739089
1.95849
2.27224
-0.553869
-0.910382
-1.01649
0.487198
-1.69524
0.441524
0.00654067
1.70662
-2.05523
-0.716557
0.904033
0.0360003
-0.780023
1.25231
-0.0446517
-0.191298
-0.509371
0.205653
-0.324329
0.00860619
-2.72925
-1.21482
0.284344
-0.927771
-1.00654
-1.33254
-0.0921196
1.4226
-2.0146
-0.899897
-1.07791
1.90559
0.808336
0.402885
0.888714
-0.216291
1.26566
0.224286
0.227111
-0.325861
-1.13461
0.436891
0.722901
-0.279091
-1.47006
1.92231
-1.26857
0.538948
1.47255
0.347884
-0.14536
0.123437
-0.689427
0.939838
-0.217466
-1.07558
0.110728
1.39779
0.0768419
0.0594361
-0.125981
-0.569094
-0.121742
1.30176
-0.550661
0.241657
0.4986
0.380665
0.618739
-1.61493
0.140491
0.251515
-0.0942709
-0.128449
0.236069
1.05428
-0.0665646
-0.104188
-0.443043
0.457605
1.67593
-1.39962
0.194883
0.49246
-0.433107
0.31708
-1.24514
-2.53543
0.0337805
-1.03788
1.53113
-0.0984211
0.875507
0.746346
-1.58414
0.222325
0.329655
0.624586
0.962567
0.0224542
-0.155341
0.377542
1.28726
-0.288808
-1.96636
0.916187
0.920618
0.245834
0.26298
-1.48857
-0.632135
-0.574589
0.813864
1.3857
-1.97168
-0.167664
2.09131
0.26718
0.367211
-0.993044
-1.05561
0.815889
1.3149
-0.481263
0.270035
-0.309287
-2.30368
-1.22497
0.840249
-0.416446
0.483842
1.27079
0.154257
2.1713
-1.85711
0.719329
1.93161
0.144665
-0.317885
-1.33496
-0.536649
0.123977
1.37067
0.67485
-2.0726
0.459899
-0.161073
-1.43814
0.167198
1.27716
1.19319
-0.593643
0.459219
-0.283866
-1.50975
-0.127369
-2.69593
1.10991
-0.598302
0.981834
1.67375
-0.814823
-1.23918
-0.00386319
-0.517313
0.561465
-0.64141
-1.70596
0.313704
1.83442
0.220836
0.224757
-1.75022
0.468334
-0.854599
0.215743
-0.35073
-0.189194
1.13185
0.489353
-1.19537
0.432939
0.236462
-0.506934
0.00118573
-2.41613
-0.120586
-2.45162
0.912468
-1.87767
0.572786
-0.213473
-0.26401
0.44085
-0.35904
0.75283
0.0487106
0.0180164
0.866564
0.913048
-0.138174
1.20008
-0.855591
-1.14885
2.12887
-0.6107
1.47006
0.194337
0.548793
0.691369
0.823275
-1.14752
-0.478088
-1.26652
-0.138406
-0.0422015
-0.973568
-0.660986
0.0169452
1.36328
0.0711654
0.510852
-1.22838
0.755575
0.232138
0.220757
-1.22497
1.89213
0.601049
-1.4281
0.8265
1.80401
-1.50403
0.469529
-0.395264
0.0399046
1.46579
-0.986552
0.994548
0.822309
-1.29909
0.822201
-1.41653
-1.96215
0.023449
-0.179546
-2.13331
-0.460835
-0.31515
-0.638219
-1.42092
1.15048
-0.636906
0.57766
-1.10807
-1.14693
-0.994925
-0.383875
-0.166888
-1.20244
-1.32477
-0.991917
-0.647719
0.343823
-0.611899
-0.663653
0.22507
-0.365002
-0.425808
-0.751511
0.155496
0.224443
0.600958
-0.841774
3.22003
0.851737
0.505716
1.28638
0.815569
0.305918
2.61778
0.510678
-0.20456
-0.308244
0.869574
2.23077
-0.317161
1.7397
1.15479
1.19008
0.880794
-2.20569
-0.137093
0.0750006
-1.11119
-0.623192
2.72296
-1.82141
1.18235
-1.90371
-0.472435
-0.339849
0.3422
0.232216
1.63965
-0.992668
-0.701117
0.406621
0.05821
0.860566
-0.977137
-0.11658
-1.74249
0.678986
-0.874497
0.507804
0.276388
-0.199095
-0.448112
-1.66849
0.444478
0.355778
-1.13432
-0.65216
-0.62115
2.20919
-0.632135
0.198236
-0.408034
2.17946
0.220287
0.490388
0.385028
0.0481745
0.00478118
0.573958
-0.591363
-0.263931
1.25534
0.175816
-0.497821
-0.101266
-0.18009
-0.909919
0.4841
-1.00236
-0.0996511
1.1304
0.723795
1.88985
-0.287133
-0.137016
0.346015
0.264248
0.466883
-0.788346
0.515652
-0.349347
-0.253094
0.175738
0.143582
0.253173
-0.0603557
-0.591728
0.699553
0.382393
0.0440392
-0.999074
-0.317644
-1.00451
-0.108727
-0.525814
-2.0792
-0.796304
0.8022
-0.141805
-0.639532
-0.937342
0.524409
0.643667
-1.83319
0.298392
1.08216
-0.0304129
-2.28144
-0.537533
-0.976891
-1.75448
0.0743869
0.0638815
-0.84494
0.051851
-1.62976
1.29784
0.59419
0.0432734
0.602241
0.685164
1.54638
-0.270749
-1.50072
-0.74574
0.947959
-0.28108
-0.59757
-0.137788
-0.372863
-0.989543
-0.663462
0.228367
0.803362
1.3695
0.935445
-0.320863
1.73279
0.810353
-0.84112
0.708964
0.489784
0.421457
-0.783034
-0.336366
-0.761185
2.46099
-0.279727
-0.126058
1.3596
1.35289
-0.535413
1.08573
1.47914
-0.925538
-0.44026
1.40947
-0.4697
-0.983321
-0.365002
0.170846
-1.0715
0.0920428
-0.508674
0.60573
-2.22527
0.799775
-0.808336
-0.566937
0.836227
-0.664988
0.702585
0.200968
0.713791
0.84221
1.10807
0.911193
1.56981
0.954092
-0.545239
-0.444984
-1.85114
0.660415
1.09711
-1.85029
0.157354
0.124054
-0.52476
-1.40024
0.37024
0.596016
-0.834167
-1.98741
-1.45469
-1.61127
-0.785011
-0.153328
-1.52646
0.0893543
1.34718
-0.185613
-0.242366
-1.62087
-0.252147
1.09182
-0.507543
1.60431
-0.701802
0.976274
0.612083
-1.01252
0.352113
-1.0101
-0.0605857
-1.38132
-0.0450346
-0.365575
0.885313
0.949879
-0.619017
-1.37618
1.44008
1.75519
-0.251436
-0.565231
1.97382
-0.0579801
1.56355
-1.2336
-1.77112
-1.20813
-0.493237
1.3039
0.540895
0.384863
2.53926
-0.670246
0.36672
-0.314909
0.715766
-0.233552
1.12031
-0.31708
-0.106034
-1.38073
-1.69299
0.749382
1.08216
1.74005
0.155883
0.297112
0.472435
0.990917
0.492805
0.0951162
-0.835359
1.08243
0.215352
1.04816
0.231352
0.389976
-0.146829
-0.64555
-0.134236
1.06137
0.0978061
0.793891
0.167043
1.39962
0.0113603
-1.03526
0.0177869
0.141109
0.11658
-0.928359
1.58039
0.811416
1.6223
-0.144896
-0.347071
2.36175
0.257678
0.824456
-1.05922
0.784594
1.12534
1.31309
0.0243672
-0.572966
0.105957
0.0211534
-0.162623
0.0368424
-0.900585
-0.0205413
-2.26922
-0.122589
0.375899
-0.0379907
-0.529859
0.177292
-1.92231
-1.24614
-0.81856
-0.432183
1.06622
0.0670246
-0.153096
-0.0210769
0.829194
0.00172122
-2.16013
0.352194
0.323119
0.0684048
-0.209014
1.21546
0.869462
-0.545683
1.20228
-1.16408
-0.269718
-1.61917
1.26413
0.454973
0.206513
-1.22093
-0.369585
1.23049
0.459389
-1.6524
0.0698617
-0.149768
0.688748
1.10328
-0.674082
0.91945
0.842537
0.45421
-0.129375
1.45866
0.283548
-1.08615
-0.0206943
-1.19851
-0.709947
-0.650363
-0.213864
0.393693
-0.677446
0.555296
0.114962
1.97705
0.235597
-0.317483
0.141496
0.366311
-0.363449
-0.847566
-0.0366893
-0.237878
-0.894976
-1.516
0.674274
-0.534795
0.346909
0.946043
0.476545
-1.10145
-0.573597
-1.02602
0.330624
-0.320783
0.911657
-0.444224
-1.13811
0.443802
1.60987
0.560391
-0.800934
-1.21723
-0.394933
1.66085
-0.347152
-0.0634215
0.000344244
0.379267
-1.03631
-0.10665
0.364266
0.295673
-1.53386
-0.643667
0.339444
-0.258944
0.292478
-0.160531
-1.93558
-0.923661
-0.817064
-0.198236
-1.18404
0.740095
0.830381
0.350974
-0.671492
0.92683
1.36115
0.212847
-0.981586
1.27217
-1.81502
0.944608
0.408866
0.22507
1.12765
-0.583273
-0.304075
-0.462026
0.179235
0.497821
1.86926
-2.38476
-0.237878
0.66413
-0.287691
-0.855371
1.47618
0.493842
0.492719
1.16967
-0.918517
1.06393
-1.96901
0.310571
1.41465
-1.6096
-1.05374
-1.00781
-0.0109778
-0.978865
-0.806111
-1.26006
-0.613283
1.25651
-1.03291
2.00766
-0.675523
-1.37874
-0.236541
-1.11731
1.11945
-0.137711
-0.580102
0.842755
-0.0236785
-0.871362
0.585633
1.22012
0.40712
-0.211752
0.810459
0.458114
0.289206
0.380501
0.324571
-1.39576
-1.12433
-0.0193171
-1.04116
0.373355
-0.924482
0.678023
-0.484874
1.27337
-0.105188
1.57034
-0.862229
-0.663748
-0.400149
0.282035
0.402719
-1.32643
-0.682169
-0.371306
1.44137
-0.84954
1.61945
1.66329
0.897148
-0.893607
1.39475
0.0219186
1.3268
-1.29713
-0.911888
-1.79092
-0.105649
0.857247
0.54586
-0.37861
-0.493928
-0.289366
1.39516
0.578293
0.27313
-1.11133
-0.532854
-1.15568
0.167741
-0.429916
0.39361
0.295274
-1.20118
-0.00141522
-1.47709
0.216996
0.40247
-0.883164
-1.52474
-0.215039
0.692535
-1.41403
2.22346
-0.27917
-2.06999
-0.127986
-0.81685
-0.546393
1.6882
0.605086
-1.32864
0.164329
-1.34927
-0.653201
-0.429664
-0.0766884
-1.12376
1.55503
0.359774
-1.12376
-0.12151
1.38351
-0.440344
1.20323
0.44735
1.48028
1.05028
0.969153
0.343823
0.104111
0.783034
inf
0.0877415
0.995176
-0.538064
-2.18276
0.0320201
0.9191
0.452938
0.575311
-0.0994973
-1.48533
1.1756
0.234574
-0.395429
1.3849
0.510068
-0.153947
0.94748
0.619481
-0.00409268
-0.908763
-0.152322
-0.0439626
-0.893949
-0.715964
-1.1406
-0.692243
-0.607845
-0.449127
-0.185224
0.865006
0.540984
-1.00413
-1.62947
-1.97382
-0.172088
1.1156
-0.909804
-1.38331
-0.762412
0.371961
-0.750902
-0.446674
0.930716
-0.180634
-0.37631
0.867566
1.47845
-1.3244
0.13223
-0.826069
-1.78751
-1.90138
0.0662579
-0.548081
0.489094
0.0485574
-0.910498
0.203935
-1.0129
0.929301
-2.56303
-0.481865
-1.3571
-0.332968
-1.22335
-0.0852844
-1.07777
1.83114
-0.756084
1.21466
-1.05002
-0.15178
-0.230645
-0.569994
0.962567
0.244809
0.792424
-1.03867
0.315874
1.46423
-1.54184
-0.433275
0.198704
1.6825
-1.20008
-0.286974
1.73797
0.286495
-0.138174
-0.355941
-0.0213065
0.292159
0.673698
-0.917701
0.996809
-1.04208
-0.193869
-0.576937
-0.460665
1.07518
-0.679275
0.432015
-0.258786
-0.00715268
-1.47323
-3.11634
1.86751
-1.02047
0.601507
1.6169
-2.13705
-0.0640348
-2.06416
-0.323119
0.260051
0.741403
-2.18943
0.231745
0.769181
-0.180168
-0.165725
-0.561644
-0.196052
0.0552984
-0.137016
-0.542844
0.0848238
-1.76021
0.270511
1.12606
-1.8194
0.316598
-0.629521
0.346665
0.211361
-0.692243
-0.915023
0.916419
-0.110728
0.486509
0.42037
2.15076
-2.63957
-0.551195
2.74216
1.10525
0.65377
0.933433
-0.153096
0.0258211
0.212143
1.33664
0.178535
-0.403715
-0.684004
1.26925
-0.570534
-0.432435
-0.274163
0.296313
-0.897605
1.33291
-0.0264333
1.14192
0.49886
0.80104
1.8554
-1.08161
0.287771
-0.34066
0.439417
-0.48496
-0.0236785
0.941505
-1.07832
1.85625
-0.0735431
0.327717
0.814929
2.39675
-2.29083
0.0727761
-0.0862058
-1.89535
-0.902652
0.820058
-0.199563
0.322072
1.09684
0.683714
-0.535325
-0.0317905
0.220757
-0.362305
-1.58119
0.667185
-0.378281
1.29501
-0.0713188
0.447097
-1.03096
0.114731
-1.06177
0.481521
0.0258977
0.92132
0.343661
-1.12953
0.930008
0.716162
0.516613
0.46586
0.698088
0.89669
-0.944966
0.816103
0.0159506
-0.89509
0.139951
-1.16152
-0.885199
0.812799
0.785323
-0.554672
-1.03317
-0.0980367
-0.635501
1.40947
-0.0504722
0.0881255
0.440597
-0.348371
-0.0451878
0.11042
0.173175
2.07129
-0.177758
-1.30033
-0.380912
-0.182579
-0.397167
0.389068
0.155109
0.939481
-1.21466
-0.476545
-1.23409
-0.71636
0.4697
-0.398823
-0.204403
-0.429916
0.433779
-0.0797577
-1.65994
0.50285
-1.18837
0.638969
0.800091
0.244336
0.552799
-1.94513
0.830381
0.723497
-0.844175
0.952766
0.804524
1.36405
-0.354556
0.155573
0.89167
0.119969
-0.733471
1.71455
0.373273
1.29589
1.37598
0.719924
-0.425473
-0.178691
0.685745
-0.301512
1.51503
0.63363
-1.17744
0.207294
1.55478
-0.262664
0.347315
2.60391
-0.0704752
0.0272751
-1.36853
-0.0124313
0.644138
-0.0994973
0.854268
-1.02823
0.872369
0.603709
0.939124
1.32514
-0.846581
-0.820701
0.211517
0.315552
-0.344554
1.3357
-0.217936
0.43462
0.174573
-0.0799112
0.462792
0.481006
-0.899438
-0.408866
0.726183
0.567656
1.80479
-1.11176
0.709652
-0.47723
-0.501027
1.47982
-1.5828
1.01188
-1.68788
-1.52621
0.527572
0.10388
0.786782
-0.858573
0.673026
0.267497
-0.410613
-1.03906
-0.227739
1.16664
-0.543997
-0.308565
-0.645456
-0.46586
-0.900126
-0.0393687
-0.483412
1.44549
-0.245834
0.488663
-0.716557
-0.742209
-0.570444
0.427652
-0.114962
-1.48603
-0.131767
0.395181
-0.0527702
0.693994
1.36989
-0.770724
-0.824671
-0.496696
-1.85797
0.317483
-0.0906601
1.33533
0.613745
-1.00768
0.317402
-0.747661
-1.0016
-0.318126
0.0279639
0.825746
-0.809822
0.35537
-0.181723
-1.57906
2.14615
1.02228
0.168595
-0.617998
0.576576
0.799038
0.209249
1.27734
-0.852177
-2.34587
0.290243
0.510242
-0.825101
0.274719
0.0842864
-1.64525
-2.02757
1.04485
0.54666
1.04869
0.0357707
-1.77554
-1.6639
-0.102265
1.01713
-0.0169452
0.343336
1.61974
-0.439838
-1.1533
0.498254
-0.489008
-0.0585165
-0.1973
-0.848224
0.699357
0.644326
-0.452344
1.40906
0.635314
-2.06031
1.07477
-1.12333
1.31836
-0.177136
1.51479
0.888146
0.349022
-0.303755
-0.687585
0.320702
-0.667472
-0.0112838
0.341876
-0.23426
0.368193
-0.263931
1.0764
0.000497241
-0.22209
1.22206
-0.974551
0.472179
-0.818667
0.217544
0.117812
2.02163
-0.243312
-0.0435031
-1.1023
-1.04816
0.817598
0.087588
0.235754
-1.26566
-0.211048
0.706114
1.55915
-1.44832
-0.756695
1.24315
0.541604
0.736177
0.536915
-1.11133
0.902997
-0.424636
-1.12045
-2.44548
-1.12462
-0.288887
0.271781
1.19835
-2.15855
1.19945
0.0890471
-0.938887
1.21195
-0.987299
0.507282
0.619481
-1.25466
1.03304
0.146443
0.045877
-1.09879
-2.27733
-1.8336
-2.01928
-0.265674
-0.660795
-0.670533
-0.00439868
0.420955
-1.31001
0.220365
0.107958
-0.0242907
-0.326991
0.136552
-1.83607
-0.0107483
1.98852
0.61513
1.89535
1.77963
0.49964
-0.313945
-0.649702
0.356511
-0.230959
1.26481
1.49532
-1.02125
0.0470257
0.859901
1.29183
1.56615
0.65377
-0.395595
0.518275
-1.27406
-0.84669
-0.165182
-0.547104
-1.40823
1.84063
-1.55197
-0.0088357
0.225934
1.77222
0.938649
2.1378
0.453955
-0.355696
0.715569
-0.102881
-0.458114
-0.257836
-1.34642
-2.24958
0.0775324
0.7919
-1.53064
-0.901618
-0.732471
0.137247
0.221855
0.750294
2.57548
0.232452
0.598577
1.45491
1.23737
0.4033
0.749888
0.067638
-0.129221
-1.01495
-1.5189
-0.19769
-1.40535
-0.107265
-1.07586
0.0631149
1.4033
-1.79858
-0.0895079
-0.479375
-0.132307
-0.809822
-0.489525
0.729673
0.919567
0.725685
-1.99352
-0.701508
-0.463303
-0.638125
-0.701508
-0.311374
0.89167
-0.654243
-0.461515
0.0119723
0.336528
-0.568015
0.121896
0.282274
0.823919
0.973568
-0.46407
-0.246228
1.74388
-1.19366
1.96215
-0.0502424
-2.25538
1.3057
-0.312177
-0.975412
0.566218
-0.728375
1.84439
-2.35557
-0.52397
-0.744024
-0.27925
0.0463365
-0.162546
1.04169
-0.298312
-1.19898
-0.136707
1.00628
-1.47663
1.18605
-0.784698
0.375735
-0.462792
-1.23
0.452683
0.224521
-0.428406
-0.914326
-0.655001
-1.26362
-1.3697
0.942101
-0.625237
-0.600041
0.937461
-0.567835
0.0898152
-0.0334744
-0.652728
-0.301913
-0.554582
-0.104111
0.144665
-1.38371
0.299512
-0.149459
1.3357
0.107804
-0.0750006
1.09363
0.474489
-0.965977
0.183434
-0.80664
1.52255
0.651403
-0.936275
-0.239216
-0.285778
-1.03239
-1.87678
-0.0288822
0.0255916
0.527396
0.065568
1.08656
1.36483
0.286734
-0.373848
1.23474
0.425055
0.474832
0.364348
-1.04538
0.526253
0.414028
1.5879
-1.61183
3.4871
-0.32175
2.83533
-0.722702
0.399237
-1.15897
0.410447
-0.383298
0.0393687
-0.284503
1.36173
0.466627
0.118043
-0.337905
-0.324893
-0.677638
0.174107
-0.270035
-0.957958
0.795674
0.069785
0.643385
0.368357
-0.594281
1.69685
1.11745
0.649702
-0.267497
0.757612
0.336123
0.0513914
0.305277
-1.20212
-0.0568308
0.440597
-0.572966
-0.629055
-0.95048
-0.0868969
-0.384287
-0.0848238
-1.41133
-1.74423
-0.798828
0.411029
0.100112
-0.238901
-0.619481
1.09363
-0.379925
-1.26993
0.197768
-0.426562
1.37146
1.3357
-0.318126
-0.935564
-1.64882
0.0109778
0.531621
0.0505488
-1.8291
-0.0360769
1.97705
2.60619
1.17088
0.414945
0.639908
0.173485
-0.288249
-2.26422
-0.262268
-0.0644181
-2.54119
-0.715569
-0.804313
-0.376803
-1.84105
-0.57486
-0.428322
-0.601507
-0.914791
0.718933
-0.955419
0.784074
-1.72835
0.487543
0.952284
0.387666
-0.0126608
-0.316759
2.10164
-0.118351
0.15209
-2.39138
1.09893
0.425222
0.709947
0.45082
0.638688
-0.235675
0.00707618
-0.38371
0.210265
0.0201587
0.0331682
0.568644
-0.558423
-1.78038
1.11859
-0.882486
-1.06366
1.81106
0.35309
-1.15256
1.28673
-1.26243
0.473547
0.113114
-0.892011
2.4133
0.326829
-0.429245
0.126444
1.14545
0.155263
-0.555475
1.49837
-0.185613
-0.0969606
1.59852
0.936156
-0.256018
1.33217
0.163631
1.34566
0.902882
-1.25668
-0.778262
-0.0877415
1.2998
0.595834
-0.412778
-0.529507
-0.302874
0.363204
0.482466
0.0459536
-0.508239
-1.62344
-1.39213
1.27389
-1.35136
-1.88893
1.2153
-1.12779
1.10159
-1.71057
0.150929
0.635876
1.10666
-0.0644181
-0.70327
1.63556
1.61549
0.382722
0.73708
-0.566488
1.48166
-0.157044
-2.03845
-0.966587
1.41883
1.51551
2.12961
-0.508065
-0.681397
-0.631014
-0.0540726
-0.936156
-0.906222
-1.94665
1.46088
-0.449804
-1.22303
-0.162236
-1.41862
1.03461
-0.560659
0.435629
-1.38251
0.640377
1.03356
-0.124208
1.07955
-0.0875112
-0.727777
-0.187715
-1.22756
0.051085
0.418032
-0.447181
1.46736
-0.751815
1.02499
-0.0220716
-0.259102
0.203232
0.182734
0.623378
-1.49205
-0.180012
-0.503805
-1.11588
0.656899
0.629521
0.0290353
0.641128
-0.0607389
-0.689524
0.793786
0.689815
-1.02047
-0.510591
0.0618886
-0.852397
0.334505
-1.09991
-0.763435
0.242681
0.715964
-0.428406
-1.26175
0.658038
-0.58418
1.18112
-0.79473
-1.75985
1.24232
-0.142887
0.367293
-0.163166
0.121742
-0.689524
-1.81542
0.144355
-0.759142
-0.530475
-1.96583
2.31246
-0.900241
-0.648097
0.793157
-0.589724
-1.30212
0.549237
-0.465433
0.458709
1.37283
-1.13185
0.412362
-0.939124
1.53237
-0.379185
0.330463
0.903573
1.56589
0.762105
-0.423464
1.18605
0.877529
-1.1724
-1.8835
1.34321
0.116734
2.65744
0.0025627
-1.06595
-1.3387
-1.32827
0.425725
-0.274322
0.981091
-0.715766
-0.0168687
1.11745
-0.618276
-1.1252
1.62573
-2.35435
0.263456
-2.07195
-1.46133
0.952886
1.1368
-1.24747
1.25584
0.943413
-0.485218
1.80518
-0.490129
2.04028
0.0524638
0.660795
0.209483
1.06514
-0.774333
-0.104188
0.314105
-0.284185
-1.28796
-1.2672
0.607569
-0.502242
0.251278
1.51624
1.255
0.890304
-1.58093
0.401807
-0.259656
-0.0750006
-1.17225
0.79704
0.727677
1.22513
0.988171
-1.83237
0.986676
-0.787303
-0.445829
1.28691
-2.06095
1.6082
-0.177214
-0.364512
-0.164406
-1.13811
-0.65614
0.902078
-1.28167
-0.134313
-1.8009
-0.771342
0.81429
-0.658893
-0.962446
0.0335509
0.70916
-1.57986
1.1845
-0.587631
1.57482
-0.0220716
-0.203466
0.915954
0.965611
-0.421373
-1.08905
-0.054379
0.455397
0.196052
-0.136475
-0.125981
-1.18358
-1.60486
1.89443
1.29571
2.96247
0.622728
1.15494
0.412695
-0.225227
-1.12938
0.57965
-0.698967
0.569544
1.32643
0.741403
0.0956541
0.35904
-0.844612
-0.865339
1.25888
-1.09753
0.414278
2.19792
1.34718
-1.07518
0.876405
-1.25753
0.498427
1.32312
0.428742
0.414611
1.1805
-1.65812
-0.732971
0.281159
-0.733672
1.86315
0.994674
0.957353
2.18692
0.904033
1.30212
2.74546
1.13621
0.352927
-1.30426
-0.96732
2.10444
1.10103
-0.0108248
-0.066948
-0.485562
0.894177
0.591363
0.983197
-0.645268
-0.403964
0.262268
-1.27234
0.945205
-0.48694
-0.282672
-0.00585217
1.12938
-1.84355
-1.53089
1.02099
-1.26379
-0.463644
0.739994
-0.245755
-0.857137
-0.357001
1.23968
0.674658
0.580283
2.06674
0.866229
0.374668
-0.754761
0.116734
1.07599
-0.724392
-0.697698
-1.32055
0.197924
0.0531533
-0.0730829
1.13403
0.439164
0.064878
1.65994
1.70171
0.880343
-2.24766
0.00179772
-1.45095
0.799881
-0.818774
-0.909688
-0.485735
-2.75554
-0.237721
-1.28673
1.103
1.153
1.22464
-0.526166
-0.13578
-0.905069
-1.87678
-1.62458
0.201124
1.07028
-2.0348
-0.523005
-0.329816
-0.570084
-1.18899
0.144665
1.5607
0.295274
0.855812
-1.86228
-0.925538
-1.0246
0.812905
-0.643667
1.69977
-0.512683
-0.671971
-1.7845
-0.0412827
-0.942936
-0.896004
1.34699
1.51479
-0.557261
-0.363041
-1.81224
-2.10444
0.0573671
0.446083
0.398243
0.356675
0.573146
-0.231745
-2.30043
-0.452006
-1.61099
-0.719527
1.53411
0.114962
0.543199
-0.268528
1.57429
0.260368
0.814396
1.69267
-1.71755
-0.692632
-0.978865
0.177603
-1.04962
0.387666
-1.46579
0.295993
-0.666038
1.71455
-0.759244
-1.12693
-0.661271
1.75806
-0.575311
-0.110651
0.334586
-0.908994
-0.475945
-2.7107
0.853718
1.39273
-0.656709
-2.0726
-0.162933
-0.0918123
1.08505
0.792528
-0.0853612
-1.09293
-0.635501
-1.03396
-1.03252
-0.562271
0.193246
0.798722
1.24797
1.38132
0.37434
-1.24116
-1.02901
-1.29678
-0.177991
-0.807806
-0.87125
0.918867
-1.45139
0.829841
2.1713
-0.140105
-0.855591
-0.141187
-2.18359
-0.280045
-0.211673
-1.08078
-0.578202
-0.669672
0.402056
0.000420742
-0.552977
1.84733
-0.664034
0.15178
-0.550305
-0.800724
-0.233081
0.141496
0.169837
0.418533
-3.42696
0.244494
-1.72767
-0.509284
-0.496436
0.341957
2.27528
-0.186703
0.421039
0.360999
